#fractalVisibilityGraph.py
# GMT Thu Dec 10 22:49:13 2020
# 
0 1 2 3 8
1 2 3
2 3
3 4 8
8 4 5 6 7 9 10 12 13 14 15 17 18 23 24 27 28
4 5 6 7
5 6 7
6 7
7
9 10 28
10 11 12 13 14 15 17 18 27 28
12 11 13 14 15 17 18 28
13 14 15 18
14 15
15 11 16 17 18
17 11 16 18
18 11 16 19 20 21 22 23 24 27 28
23 19 20 21 22 24 27 28
24 25 26 27 28
27 19 20 25 26 28
28 11 19 20 21 22 25 29 66 88 114 272 287 315 369
11
16
19 20 21
20 21
21 22
22
25 26
26
29 30 31 33 35 36 39 49 51 52 57 60 65 66 88 114 272 287 315 369
66 30 39 40 41 42 52 57 60 61 63 64 65 67 69 70 71 72 77 79 80 81 88 114
88 67 72 81 82 83 84 85 87 89 90 91 92 93 95 97 98 99 100 102 103 106 107 108 111 113 114
114 89 90 91 92 93 100 101 102 103 105 106 107 108 109 111 113 115 116 117 118 119 120 121 123 124 135 136 137 140 148 149 170 171 185 189 238 240 272 315 369
272 149 189 240 246 250 252 255 256 257 258 263 264 266 267 268 270 271 273 274 276 277 278 279 280 281 282 286 287 315 369
287 273 274 282 283 285 286 288 290 293 294 296 302 309 315 369
315 288 290 296 302 309 310 311 312 313 314 316 317 318 320 321 322 326 328 347 348 349 368 369
369 149 154 189 321 328 331 349 351 353 354 360 361 362 363 366 367 368 370 371 372 373 375 378 388 389 390 391 395 427 447 448 459 464 485 498 568 569 603 606
30 31 33 35 36 39 52 57 60 65
31 32 33 36 39
33 32 34 35 36
35 34 36
36 34 37 38 39
39 37 38 40 44 46 48 49 51 52 57 60 65
49 40 41 42 46 48 50 51 52
51 40 41 42 50 52
52 40 41 42 46 53 55 57 60
57 40 53 55 56 58 59 60
60 40 58 59 61 65
65 40 61 63 64
32
34
37 38
38
40 41 42 44 46
44 42 43 45 46
46 41 42 43 45 47 48
48 47
41 42
42 43
43
45
47
50
53 54 55
55 54 56
54
56
58 59
59
61 62 63 64
62 63
63 64
64
67 68 69 70 71 72 80 81
69 68 70 71 72
70 71 72
71 72
72 73 75 76 77 79 80 81
77 73 75 76 78 79 81
79 73 78 80 81
80 73 81
81 73 82 83 84 85 87
68
73 74 75
75 74 76
76
74
78
82 83 84 85 87
83 84 87
84 85 87
85 86 87
87 86
86
89 90 91 92 93 95 97 98 99 100 103 111 113
90 91 92 93 98 99 100 113
91 92 93 99 100
92 93 100
93 94 95 97 98 99 100
95 94 96 97 98 99 100
97 96 98 99 100
98 99 100
99 100
100 101 102 103 111 113
102 101 103
103 101 104 105 106 107 108 111 113
106 105 107 111 113
107 108 111 113
108 109 111 113
111 109 110 112 113
113 105 109 112
94
96
101
104 105
105
109 110
110
112
115 116 117 119 120 123 124
116 117 119 120 123 124
117 118 119 120 123 124
118 119
119 120 124
120 121 123 124
121 122 123 124
123 122 124
124 125 126 127 130 133 135 136 137 140 148 149
135 127 130 133 134 136
136 125 127 130 133 137
137 125 127 130 138 140 149
140 138 139 141 142 143 147 148 149
148 141 143 144 145 147 149
149 125 127 141 143 144 145 146 147 150 152 153 154 170 171 185 189 240
170 154 155 156 157 159 160 162 163 164 165 167 168 169 171 189
171 154 155 172 173 174 175 176 179 181 185 189
185 154 176 181 182 183 184 186 187 189
189 154 155 176 179 181 186 187 188 190 191 192 193 194 195 197 198 199 200 201 204 238 240
238 204 213 226 227 231 232 233 235 236 237 239 240
240 204 213 226 239 241 242 243 244 245 246
122
125 126 127
126 127
127 128 129 130 133
130 129 131 132 133
133 131 132 134
128 129
129
131 132
132
134
138 139
139
141 142 143
142 143
143 144 145 146 147
147 144 145 146
144 145 146
145 146
146
150 151 152 153 154
152 151 153 154
153 154
154 155 157 159 162 165 167 169
151
155 156 157 159 162 165 167 169
157 156 158 159 162 165 167 169
159 158 160 162 165 167 169
162 160 161 163 164 165 167 169
165 163 164 166 167 169
167 166 168 169
169 168
156
158
160 161
161
163 164
164
166
168
172 173
173 174 175 176
174 175 176
175 176
176 177 178 179 181
179 178 180 181
181 180 182 183 184
177 178
178
180
182 183
183 184
184
186 187
187 188
188
190 191 192 193 194
191 192 193
192 193
193 194
194 195 197 198 199 200 201 204
195 196 197 198 200 201 204
197 196 198 200 201 204
198 199 200 201 204
199 200 201
200 201
201 202 203 204
204 202 203 205 206 207 208 209 211 213 224 226
196
202 203
203
205 206 207 209
206 207 209
207 208 209
208 209
209 210 211 213
211 210 212 213
213 212 214 215 216 218 223 224 226
224 218 220 221 222 223 225 226
226 215 216 218 220 221 222 225 227 231 236 237
210
212
214 215
215 216 218
216 217 218
218 217 219 220 221 222 223
223 220 221 222
217
219 220
220 221 222
221 222
222
225
227 228 229 230 231 237
231 229 230 232 233 235 236 237
236 235 237
237 232 233 235
228 229
229 230
230
232 233 235
233 234 235
235 234
234
239
241 242 243 245 246
242 243
243 244 245 246
244 245
245 246
246 247 248 249 250 252 255 263 264 266 267 268 270
247 248 249 250
248 249 250
249 250
250 251 252 270
252 251 253 254 255 268 270
255 254 256 257 258 259 261 262 263 264 266 267 268 270
263 256 257 258 259 260 261 262 264 267 268 270
264 265 266 267 268 270
266 265 267 268
267 268
268 256 269 270
270 256 257 269 271
251
253 254
254
256 257 258
257 258
258 259 261 262
259 260 261 262
261 260 262
262
260
265
269
271
273 274 278 281 282
274 275 276 277 278 281 282
276 275 277 278
277 275 278
278 275 279 280 281 282
279 280 281
280 281
281 282
282 283 284 285 286
286 283 285
275
283 284 285
284 285
285
288 289 290 294 296 309
290 289 291 292 293 294 296
293 291 292 294
294 291 295 296
296 291 295 297 298 299 301 302 309
302 297 299 301 303 305 306 307 309
309 303 304 307 308 310 311 313 314
289
291 292
292
295
297 298 299 301
298 299
299 300 301
301 300
300
303 304 305 306 307
305 304 306 307
306 304 307
307 304 308
304
308
310 311 313 314
311 312 313 314
313 312 314
314
312
316 317 318 321
317 318
318 319 320 321
320 319 321
321 319 322 326 328
322 323 324 325 326 328
326 324 325 327 328
328 324 327 329 330 331 339 344 346 347 348 349
347 331 332 334 339 340 344 346 348
348 331 332 334 335 339 340 342 344 345 346 349
349 331 332 334 335 339 340 342 350 351 353 359 360 368
368 351 353 360 366 367
319
323 324
324 325
325
327
329 330 331
330 331
331 332 334 335 337 338 339 344 346
339 332 334 335 338 340 344
344 332 334 340 342 343 345 346
346 332 345
332 333 334 338
334 333 335 337 338
335 336 337 338
337 336 338
338
333
336
340 341 342
341 342
342 343
343
345
350 351
351 352 353 359 360
353 352 354 355 357 359 360
359 354 355 357 358 360
360 354 355 361 362 363 364 365 366
352
354 355 357
355 356 357
357 356 358
356
358
361 362 363 364 366
362 363 364 366
363 364 366
364 365 366
365 366
366 367
367
370 371 372 373 395 606
371 372
372 373
373 374 375 378 390 391 395 606
375 374 376 377 378
378 376 377 379 380 381 382 383 385 386 388 389 390 391 395
388 379 383 386 387 389
389 379 390 391
390 391
391 379 392 393 394 395
395 392 393 394 396 397 398 399 405 407 419 420 427 447 448 464 498 603 606
427 396 399 419 420 421 422 423 424 425 426 428 429 431 432 435 440 443 444 447 448
447 396 399 407 419 420 429 430 431 432 435 437 438 440 443 444 445 446 448
448 396 397 399 407 408 419 420 421 422 429 430 431 432 435 437 438 440 441 443 444 445 449 450 452 454 458 459 464 606
459 450 452 454 455 458 460 461 463 464
464 461 463 465 467 468 469 470 471 472 475 485 498 606
485 472 475 478 479 480 481 482 483 484 486 487 488 489 490 491 497 498
498 491 492 494 495 497 499 504 505 506 509 510 523 559 563 565 568 569 603 606
568 499 510 523 527 535 536 541 559 563 565 566 567 569
569 499 510 523 527 535 536 541 543 544 549 559 563 565 570 578 579 580 582 583 586 589 597 603 606
603 499 510 523 570 589 593 597 599 600 601 602 604 605 606
606 396 397 499 510 523 527 535 536 541 570 572 582 583 589 593 595 597 599 600 604 605 607 612 613 614 615 618 622 623 624 637 638 650 652 656 674 683 684 686 714 725 836 883 886 960 1151
374
376 377
377
379 380 381 382 383 386
380 381
381 382 383
382 383
383 384 385 386
385 384 386
386 384 387
384
387
392 393 394
393 394
394
396 397 398 399 407 419
397 398 399
398 399
399 400 401 402 404 405 407 419
405 402 403 404 406 407
407 400 402 406 408 412 414 419
419 408 412 414 415 416 417 418 420
420 421 422 426
400 401 402
401 402
402 403 404
404 403
403
406
408 409 410 411 412 414
412 409 410 411 413 414
414 413 415 416 417 418
409 410 411
410 411
411
413
415 416 417
416 417
417 418
418
421 422
422 423 424 425 426
426 423 424 425
423 424 425
424 425
425
428 429
429 430 431 432 435 444
431 430 432
432 430 433 434 435
435 433 434 436 437 439 440 443 444
440 437 438 439 441 443 444
443 441 442 444
444 437 445
430
433 434
434
436 437
437 438 439
439 438
438
441 442
442
445 446
446
449 450
450 451 452
452 451 453 454
454 453 455 456 457 458
458 455 456 457
451
453
455 456 457
456 457
457
460 461
461 462 463
463 462
462
465 466 467 468 470 472
467 466 468
468 466 469 470 472
469 470 472
470 471 472
471 472
472 473 474 475
475 473 474 476 477 478 482 483 484
466
473 474
474
476 477
477 478
478 479 481 482 483 484
482 479 481 483
483 479 480 481 484
484 479
479 480 481
481 480
480
486 487 488 491
487 488
488 489 491
489 490 491
490 491
491 492 493 494 495 496 497
497 492 494 495 496
492 493 494
493 494
494 495 496
495 496
496
499 500 501 504 505 506 510 523 563 565
504 501 502 503 505 506 510
505 506
506 501 507 509 510
509 507 508 510
510 501 507 508 511 512 513 515 516 519 520 521 523
523 513 514 516 519 520 521 522 524 525 526 527 534 535 540 541 551 558 559 563 565
559 527 535 536 541 543 544 549 551 552 554 555 556 557 558 560 561 562 563
563 527 535 536 541 560 561 562 564 565
565 564 566
500 501
501 502 503
502 503
503
507 508
508
511 512 513
512 513
513 514 515 516 519 520 521
515 514 516
516 514 517 518 519 520
519 517 518 520
520 521
521 522
514
517 518
518
522
524 525 527
525 526 527
526 527
527 528 529 532 533 534 535 540 541 558
534 529 530 531 532 533 535
535 529 536 540 541
540 536 537 538 539 541
541 536 542 543 544 546 547 549 551 558
551 543 549 550 552 556 558
558 552 554 556 557
528 529
529 530 532 533
532 530 531 533
533 530 531
530 531
531
536 537
537 538
538 539
539
542 543
543 544 546 547 549
544 545 546 547 549
546 545 547 549
547 548 549
549 548 550
545
548
550
552 553 554 556
556 554 555 557
553 554
554 555
555
557
560 561
561 562
562
564
566 567
567
570 571 572 575 578 579 580 582 583 586 589
578 572 575 576 577 579
579 572 575 580 582
580 572 581 582
582 572 581 583 589
583 584 585 586 589
586 584 585 587 589
589 572 587 588 590 591 592 593 597
597 593 595 596 598 599 602
571 572
572 573 574 575
575 574 576 577
573 574
574
576 577
577
581
584 585
585
587 588
588
590 591 592 593
591 592
592 593
593 594 595
594 595
595 596
596
598 599
599 600 602
602 600 601
600 601
601
604 605
605
607 608 609 611 612 613 614 615 618 622 623 624 638 652 656 674 683 684 686 714 725 883 886 960 1151
612 609 610 611 613 615 618 623 624
613 614 615 618 624
614 615 618
615 616 617 618
618 609 616 617 619 621 622 623 624
622 619 620 621 623
623 609 619 624
624 609 625 626 630 631 634 637 638 652 656 686
637 626 627 634 635 636 638
638 626 627 630 631 634 635 639 640 643 645 646 647 650 652 656
650 640 643 647 648 649 651 652
652 640 643 644 645 647 651 653 654 656
656 609 640 643 653 654 655 657 659 663 664 665 666 669 673 674 683 684 686
674 657 659 660 661 665 666 669 670 671 673 675 676 683 684 686
683 676 680 681 682 684
684 657 676 680 685 686
686 609 657 676 685 687 688 689 690 691 694 696 714 725
714 696 697 698 699 710 711 712 713 715 717 720 721 723 725
725 715 717 718 720 721 723 724 726 727 728 729 735 742 750 756 759 761 762 766 804 813 814 817 825 835 836 883 886 960
836 729 735 742 743 766 781 786 788 817 825 826 827 828 832 834 835 837 839 841 846 847 848 850 865 867 883 886 960
883 837 839 841 850 858 867 874 877 879 880 881 882 884 885 886
886 837 839 841 850 858 867 884 885 887 888 889 890 891 892 893 912 918 923 957 960
960 729 893 896 923 924 928 929 931 932 940 941 942 946 949 952 957 958 959 961 963 964 965 967 970 977 978 989 990 1031 1074 1151
1151 990 997 1074 1077 1088 1089 1113 1117 1118 1122 1126 1132 1133 1140 1141 1142 1143 1146 1147 1148 1149 1150 1152 1153 1154 1155 1156 1159 1160 1173 1190 1224 1263 1277 1279 1280
608 609
609 610 611
611 610
610
616 617
617
619 620 621
621 620
620
625 626
626 627 629 630 631 634
630 627 628 629 631
631 627 632 633 634
634 627 632 633 635
627 628 629
629 628
628
632 633
633
635 636
636
639 640
640 641 642 643 646 647
643 641 642 644 645 646 647
645 644 646 647
646 644 647
647 644 648 649
641 642
642
644
648 649
649
651
653 654
654 655
655
657 658 659 665 666 669 673
659 658 660 661 662 663 664 665 666 669 673
663 662 664 665
664 665
665 660 661 662 666 669
666 667 669
669 667 668 670 671 672 673
673 670 671 672
658
660 661
661 662
662
667 668
668
670 671 672
671 672
672
675 676
676 677 678 679 680
677 678 680
678 679 680
679 680
680 681 682
681 682
682
685
687 688 691
688 689 690 691
689 690 691
690 691
691 692 693 694 696
694 692 693 695 696
696 695 697 700 701 702 703 705 706 708 709 710
692 693
693
695
697 698 699 700 701 702 703 705 706 708 709 710
700 699 701 702 703
701 698 699 702
702 698 699 703
703 698 699 704 705 706 708 709 710
705 704 706 708 709 710
706 707 708 709 710
708 704 707 709 710
709 698 704 707 710
710 698 699 704 707 711 712 713
698 699
699
704
707
711 712 713
712 713
713
715 716 717 720 721 723
717 716 718 719 720 721 723
720 718 719 721 723
721 722 723
723 718 722 724
716
718 719
719
722
724
726 727
727 728 729
728 729
729 730 731 732 733 734 735 742 759 761 762 766 817 825
735 730 733 734 736 738 739 740 741 742 761 762 766 817 825
742 736 741 743 745 750 756 759 761 762 766 825
750 743 745 746 747 749 751 753 754 755 756 759 761 762
756 743 751 753 754 755 757 759 761 762
759 743 745 757 758 760 761 762
761 743 745 760 762
762 743 745 757 763 764 766
766 743 745 764 765 767 769 770 771 772 773 774 780 781 804 813 814 817 825
804 781 786 788 794 795 797 799 800 802 803 805 806 807 808 810 813 817
813 781 786 788 806 807 808 810 811 812 814 817
814 781 786 788 815 816 817
817 781 786 788 794 815 816 818 820 822 824 825
825 781 786 818 820 821 822 823 824 826 827 831 832 834 835
835 826 827 828 832 834
730 731 732 733
731 732 733
732 733
733 734
734
736 737 738 739 740 741
738 737 739 740
739 737 740
740 737 741
741
737
743 744 745
745 744 746 747 748 749
744
746 747 748 749
747 748 749
748 749
749
751 752 753 754 755
753 752 754 755
754 755
755
752
757 758
758
760
763 764
764 765
765
767 768 769 770 771 772 774 781
769 768 770 771
770 771
771 768 772 774 781
772 773 774 781
773 774 781
774 775 777 780 781
780 775 777 778 779 781
781 775 777 778 779 782 783 786 794 803
768
775 776 777
777 776 778 779
776
778 779
779
782 783
783 784 785 786
786 784 785 787 788 794 803
794 788 789 792 793 795 797 802 803
803 788 795 797 799 800 802
784 785
785
787 788
788 789 791 792
789 790 791 792
791 790 792
792 790 793
790
793
795 796 797 802
797 796 798 799 800 802
802 799 800 801
796
798 799
799 800
800 801
801
805 806
806 807 810
807 808 810
808 809 810
810 809 811 812
809
811 812
812
815 816
816
818 819 820 822
820 819 821 822
822 821 823 824
824 823
819
821
823
826 827 832 834
827 828 830 831 832 834
831 828 830 832
832 828 830 833 834
834 833
828 829 830
830 829
829
833
837 838 839 850 865 867
839 838 840 841 847 848 850 867
841 840 842 844 845 846 847 850 867
846 842 844 845 847
847 842 848 850
848 849 850
850 849 851 852 853 855 856 857 858 864 865 867
865 858 859 860 861 862 864 866 867
867 858 866 868 869 870 871 872 873 874 877 879
838
840
842 843 844
844 843 845
845
843
849
851 852 853 856 857 858
852 853 856 858
853 854 855 856 858
855 854 856
856 854 857 858
857 858
858 859 861 862 863 864
864 859 860 861 862 863
854
859 860 861 862 863
861 860 862 863
862 863
863
860
866
868 869 870 873 874
869 870
870 871 873 874
871 872 873 874
872 873 874
873 874
874 875 876 877
877 875 876 878 879
879 878 880
875 876
876
878
880 881 882
881 882
882
884 885
885
887 888 891 892 893
888 889 890 891 892 893
889 890 891 892 893
890 891 892 893
891 892 893
892 893
893 894 895 896 899 901 903 906 908 909 910 912 918 923 957
912 896 901 903 906 908 909 910 911 913 914 916 917 918 923
918 914 916 917 919 921 922 923
923 896 901 919 920 921 922 924 926 928 957
957 928 940 941 946 949 952 953 955 956 958 959
894 895
895 896
896 897 898 899 901 908 909 910
899 898 900 901
901 900 902 903 906 908 909 910
903 902 904 905 906 908 909 910
906 904 905 907 908
908 907 909
909 910
910 911
897 898
898
900
902
904 905
905
907
911
913 914
914 915 916 917
916 915 917
917
915
919 920 921 922
921 920 922
922 920
920
924 925 926 928
926 925 927 928
928 927 929 930 931 932 936 937 938 940 949 955
925
927
929 930 931
930 931
931 932 940
932 933 935 936 937 938 940
936 933 934 935 937 938 940
937 933 938 940
938 933 939 940
940 933 934 939 941 942 943 945 946 949 955
949 946 948 950 951 952 955
955 952 953 954 956
933 934 935
935 934
934
939
941 942 945 946
942 943 945 946
943 944 945
945 944 946
946 947 948
944
947 948
948
950 951 952
951 952
952 953
953 954
954
956
958 959
959
961 962 963 964 965 978
963 962 964 965
964 965
965 966 967 978
967 966 968 970 977 978
970 968 969 971 972 973 975 977 978
977 972 973 974 975 976 978
978 972 973 974 975 976 979 980 981 982 983 988 989 990
989 983 984 985 986 988 990
990 979 983 984 985 991 992 993 994 995 997 1031 1074
1031 997 1001 1012 1018 1019 1022 1027 1029 1030 1032 1033 1034 1035 1037 1038 1039 1046 1047 1048 1054 1060 1074
1074 997 1039 1048 1060 1065 1068 1069 1070 1071 1072 1073 1075 1076 1077 1081 1085 1088 1089 1093 1096 1107 1108 1113 1150
962
966
968 969
969
971 972
972 973 975
973 974 975
975 974 976
974
976
979 980 981 982 983
980 981
981 982 983
982 983
983 984 985 986 987 988
988 984 985 986 987
984 985 986
985 986
986 987
987
991 992 993 994
992 993
993 994
994 995 997
995 996 997
997 996 998 999 1000 1001 1012 1027 1030
996
998 999 1000 1001
999 1000
1000 1001
1001 1002 1003 1004 1006 1009 1012 1027
1012 1003 1004 1005 1006 1009 1010 1011 1013 1014 1015 1016 1018 1022 1026 1027
1027 1018 1019 1022 1023 1024 1026 1028 1029 1030
1030 1029
1002 1003
1003 1004 1009
1004 1005 1006 1009
1006 1005 1007 1008 1009
1009 1007 1008 1010 1011
1005
1007 1008
1008
1010 1011
1011
1013 1014 1015 1016 1018
1014 1015 1016
1015 1016
1016 1017 1018
1018 1017 1019 1022 1026
1022 1019 1020 1021 1023 1026
1026 1019 1023 1024 1025
1017
1019 1020 1021
1020 1021
1021
1023 1024
1024 1025
1025
1028 1029
1029
1032 1033
1033 1034 1035
1034 1035
1035 1036 1037 1038 1039
1037 1036 1038 1039
1038 1039
1039 1040 1041 1046 1047 1048 1060
1046 1041 1042 1043 1044 1045 1047 1048
1047 1041 1042 1043 1048
1048 1041 1042 1043 1044 1049 1050 1052 1053 1054 1060
1054 1053 1055 1056 1059 1060
1060 1056 1057 1059 1061 1062 1063 1064 1065 1068
1036
1040 1041
1041 1042 1043 1044
1042 1043 1044
1043 1044
1044 1045
1045
1049 1050 1052
1050 1051 1052
1052 1051 1053
1053
1051
1055 1056
1056 1057 1058 1059
1059 1057 1058
1057 1058
1058
1061 1062 1063
1062 1063
1063 1064 1065
1064 1065
1065 1066 1067 1068
1068 1066 1067 1069 1072 1073
1066 1067
1067
1069 1070 1071 1072 1073
1072 1070 1071 1073
1073
1070 1071
1071
1075 1076 1077
1076 1077
1077 1078 1080 1081 1085 1088 1096 1113
1081 1078 1079 1080 1082 1083 1084 1085 1088
1085 1083 1084 1086 1087 1088
1088 1083 1086 1087 1089 1096 1113
1089 1090 1091 1093 1096 1113
1093 1091 1092 1094 1096
1096 1091 1094 1095 1097 1098 1099 1104 1106 1107 1108 1113
1107 1099 1100 1102 1104 1106 1108
1108 1099 1100 1102 1104 1109 1110 1111 1112 1113
1113 1091 1097 1099 1100 1102 1110 1111 1112 1114 1115 1117 1122 1126 1132 1140 1147 1150
1150 1117 1118 1122 1132 1140 1141 1142 1143 1146 1147 1148 1149
1078 1079 1080
1080 1079
1079
1082 1083
1083 1084
1084
1086 1087
1087
1090 1091
1091 1092
1092
1094 1095
1095
1097 1098 1099
1098 1099
1099 1100 1101 1102 1104 1106
1104 1102 1103 1105 1106
1106 1105
1100 1101 1102
1101 1102
1102 1103
1103
1105
1109 1110
1110 1111 1112
1111 1112
1112
1114 1115
1115 1116 1117
1117 1116 1118 1122 1126 1132
1122 1118 1119 1120 1121 1123 1126 1132
1126 1123 1124 1125 1127 1128 1129 1130 1131 1132
1132 1127 1128 1129 1131 1133 1134 1135 1136 1137 1138 1140
1140 1133 1134 1136 1138 1139 1141 1143 1146 1147
1147 1141 1146 1148 1149
1116
1118 1119 1120
1119 1120
1120 1121
1121
1123 1124
1124 1125
1125
1127 1128 1130 1131
1128 1129 1130 1131
1129 1130 1131
1130 1131
1131
1133 1134 1135 1136 1137 1138
1134 1135 1136 1138
1135 1136
1136 1137 1138
1137 1138
1138 1139
1139
1141 1142 1143 1146
1143 1142 1144 1146
1146 1142 1144 1145
1142
1144 1145
1145
1148 1149
1149
1152 1153 1154 1155 1156 1159 1160
1153 1154 1156
1154 1155 1156
1155 1156
1156 1157 1158 1159 1160
1159 1157 1158 1160
1160 1161 1162 1165 1166 1167 1169 1170 1173
1173 1162 1163 1165 1166 1167 1170 1171 1172 1174 1175 1176 1177 1178 1181 1186 1188 1190 1280
1190 1177 1178 1181 1183 1184 1186 1188 1189 1191 1196 1206 1211 1220 1224 1263 1277 1279 1280
1224 1191 1196 1197 1205 1206 1207 1211 1213 1215 1218 1219 1220 1221 1222 1223 1225 1226 1227 1228 1231 1244 1246 1263 1277 1279 1280
1263 1228 1231 1246 1247 1251 1255 1256 1257 1260 1261 1262 1264 1265 1266 1272 1273 1276 1277 1279 1280
1277 1228 1231 1266 1273 1276 1278 1279 1280
1279 1191 1228 1231 1246 1266 1278 1280
1280 1191 1196 1197 1228 1231 1232 1246 1247 1266 1273 1276 1281 1282 1283 1284 1285 1286 1289 1294
1157 1158
1158
1161 1162
1162 1163 1164 1165 1166 1167 1169 1170
1165 1163 1164 1166 1170
1166 1167 1169 1170
1167 1168 1169 1170
1169 1168 1170
1170 1163 1171 1172
1163 1164
1164
1168
1171 1172
1172
1174 1175
1175 1176 1177
1176 1177
1177 1178
1178 1179 1181
1181 1179 1180 1182 1183 1184 1186 1188
1186 1183 1184 1185 1187 1188
1188 1183 1184 1187 1189
1179 1180
1180
1182 1183
1183 1184
1184 1185
1185
1187
1189
1191 1192 1194 1195 1196
1196 1192 1194 1195 1197 1205 1206 1211 1220
1206 1197 1205 1207 1209 1211 1220
1211 1207 1209 1210 1212 1213 1215 1218 1220
1220 1197 1218 1219 1221 1222 1223
1192 1193 1194 1195
1194 1193 1195
1195
1193
1197 1198 1199 1200 1201 1202 1203 1204 1205
1205 1200 1201 1202 1204
1198 1199
1199 1200
1200 1201 1203 1204
1201 1202 1203 1204
1202 1203 1204
1203 1204
1204
1207 1208 1209
1209 1208 1210
1208
1210
1212 1213
1213 1214 1215 1218
1215 1214 1216 1217 1218
1218 1216 1217 1219
1214
1216 1217
1217
1219
1221 1222 1223
1222 1223
1223
1225 1226 1227 1228
1226 1227 1228
1227 1228
1228 1229 1231 1246
1231 1229 1230 1232 1233 1235 1236 1237 1244 1246
1244 1232 1233 1236 1237 1238 1239 1240 1241 1242 1243 1245 1246
1246 1232 1233 1236 1237 1238 1245 1247 1251 1252 1254 1255
1229 1230
1230
1232 1233 1236 1237
1233 1234 1235 1236 1237
1235 1234 1236
1236 1234 1237
1237 1238 1239 1240 1242 1243
1234
1238 1239 1240 1242 1243
1239 1240 1242 1243
1240 1241 1242 1243
1242 1241 1243
1243 1241
1241
1245
1247 1248 1249 1251 1255
1251 1248 1249 1250 1252 1255
1252 1253 1254 1255
1254 1253 1255
1255 1256 1259 1260
1248 1249
1249 1250
1250
1253
1256 1257 1258 1259 1260
1259 1257 1258 1260
1260 1257 1261
1257 1258
1258
1261 1262
1262
1264 1265 1266
1265 1266
1266 1267 1268 1271 1272 1273 1276
1272 1268 1269 1270 1271 1273
1273 1268 1269 1270 1271 1274 1275 1276
1276 1274 1275
1267 1268
1268 1269 1270 1271
1271 1270
1269 1270
1270
1274 1275
1275
1278
1281 1282 1284
1282 1283 1284
1283 1284
1284 1285 1286
1285 1286
1286 1287 1289 1294
1289 1287 1288 1290 1291 1293 1294
1294 1290 1291 1292 1293 1295 1296 1298
1287 1288
1288
1290 1291 1293
1291 1292 1293
1293 1292
1292
1295 1296
1296 1297 1298
1298 1297 1299
1297
1299
