#fractalVisibilityGraph.py
# GMT Thu Dec 10 22:48:37 2020
# 
0 1 2 3 8
1 2 3
2 3
3 4 8
8 4 5 6 7 9 10 12 13 14 15 17 18 23 24 27 28
4 5 6 7
5 6 7
6 7
7
9 10 28
10 11 12 13 14 15 17 18 27 28
12 11 13 14 15 17 18 28
13 14 15 18
14 15
15 11 16 17 18
17 11 16 18
18 11 16 19 20 21 22 23 24 27 28
23 19 20 21 22 24 27 28
24 25 26 27 28
27 19 20 25 26 28
28 11 19 20 21 22 25 29 66 88 114 272 287 315 369
11
16
19 20 21
20 21
21 22
22
25 26
26
29 30 31 33 35 36 39 49 51 52 57 60 65 66 88 114 272 287 315 369
66 30 39 40 41 42 52 57 60 61 63 64 65 67 69 70 71 72 77 79 80 81 88 114
88 67 72 81 82 83 84 85 87 89 90 91 92 93 95 97 98 99 100 102 103 106 107 108 111 113 114
114 89 90 91 92 93 100 101 102 103 105 106 107 108 109 111 113 115 116 117 118 119 120 121 123 124 135 136 137 140 148 149 170 171 185 189 238 240 272 315 369
272 149 189 240 246 250 252 255 256 257 258 263 264 266 267 268 270 271 273 274 276 277 278 279 280 281 282 286 287 315 369
287 273 274 282 283 285 286 288 290 293 294 296 302 309 315 369
315 288 290 296 302 309 310 311 312 313 314 316 317 318 320 321 322 326 328 347 348 349 368 369
369 149 154 189 321 328 331 349 351 353 354 360 361 362 363 366 367 368 370 371 372 373 375 378 388 389 390 391 395 427 447 448 459 464 485 498 568 569 603 606
30 31 33 35 36 39 52 57 60 65
31 32 33 36 39
33 32 34 35 36
35 34 36
36 34 37 38 39
39 37 38 40 44 46 48 49 51 52 57 60 65
49 40 41 42 46 48 50 51 52
51 40 41 42 50 52
52 40 41 42 46 53 55 57 60
57 40 53 55 56 58 59 60
60 40 58 59 61 65
65 40 61 63 64
32
34
37 38
38
40 41 42 44 46
44 42 43 45 46
46 41 42 43 45 47 48
48 47
41 42
42 43
43
45
47
50
53 54 55
55 54 56
54
56
58 59
59
61 62 63 64
62 63
63 64
64
67 68 69 70 71 72 80 81
69 68 70 71 72
70 71 72
71 72
72 73 75 76 77 79 80 81
77 73 75 76 78 79 81
79 73 78 80 81
80 73 81
81 73 82 83 84 85 87
68
73 74 75
75 74 76
76
74
78
82 83 84 85 87
83 84 87
84 85 87
85 86 87
87 86
86
89 90 91 92 93 95 97 98 99 100 103 111 113
90 91 92 93 98 99 100 113
91 92 93 99 100
92 93 100
93 94 95 97 98 99 100
95 94 96 97 98 99 100
97 96 98 99 100
98 99 100
99 100
100 101 102 103 111 113
102 101 103
103 101 104 105 106 107 108 111 113
106 105 107 111 113
107 108 111 113
108 109 111 113
111 109 110 112 113
113 105 109 112
94
96
101
104 105
105
109 110
110
112
115 116 117 119 120 123 124
116 117 119 120 123 124
117 118 119 120 123 124
118 119
119 120 124
120 121 123 124
121 122 123 124
123 122 124
124 125 126 127 130 133 135 136 137 140 148 149
135 127 130 133 134 136
136 125 127 130 133 137
137 125 127 130 138 140 149
140 138 139 141 142 143 147 148 149
148 141 143 144 145 147 149
149 125 127 141 143 144 145 146 147 150 152 153 154 170 171 185 189 240
170 154 155 156 157 159 160 162 163 164 165 167 168 169 171 189
171 154 155 172 173 174 175 176 179 181 185 189
185 154 176 181 182 183 184 186 187 189
189 154 155 176 179 181 186 187 188 190 191 192 193 194 195 197 198 199 200 201 204 238 240
238 204 213 226 227 231 232 233 235 236 237 239 240
240 204 213 226 239 241 242 243 244 245 246
122
125 126 127
126 127
127 128 129 130 133
130 129 131 132 133
133 131 132 134
128 129
129
131 132
132
134
138 139
139
141 142 143
142 143
143 144 145 146 147
147 144 145 146
144 145 146
145 146
146
150 151 152 153 154
152 151 153 154
153 154
154 155 157 159 162 165 167 169
151
155 156 157 159 162 165 167 169
157 156 158 159 162 165 167 169
159 158 160 162 165 167 169
162 160 161 163 164 165 167 169
165 163 164 166 167 169
167 166 168 169
169 168
156
158
160 161
161
163 164
164
166
168
172 173
173 174 175 176
174 175 176
175 176
176 177 178 179 181
179 178 180 181
181 180 182 183 184
177 178
178
180
182 183
183 184
184
186 187
187 188
188
190 191 192 193 194
191 192 193
192 193
193 194
194 195 197 198 199 200 201 204
195 196 197 198 200 201 204
197 196 198 200 201 204
198 199 200 201 204
199 200 201
200 201
201 202 203 204
204 202 203 205 206 207 208 209 211 213 224 226
196
202 203
203
205 206 207 209
206 207 209
207 208 209
208 209
209 210 211 213
211 210 212 213
213 212 214 215 216 218 223 224 226
224 218 220 221 222 223 225 226
226 215 216 218 220 221 222 225 227 231 236 237
210
212
214 215
215 216 218
216 217 218
218 217 219 220 221 222 223
223 220 221 222
217
219 220
220 221 222
221 222
222
225
227 228 229 230 231 237
231 229 230 232 233 235 236 237
236 235 237
237 232 233 235
228 229
229 230
230
232 233 235
233 234 235
235 234
234
239
241 242 243 245 246
242 243
243 244 245 246
244 245
245 246
246 247 248 249 250 252 255 263 264 266 267 268 270
247 248 249 250
248 249 250
249 250
250 251 252 270
252 251 253 254 255 268 270
255 254 256 257 258 259 261 262 263 264 266 267 268 270
263 256 257 258 259 260 261 262 264 267 268 270
264 265 266 267 268 270
266 265 267 268
267 268
268 256 269 270
270 256 257 269 271
251
253 254
254
256 257 258
257 258
258 259 261 262
259 260 261 262
261 260 262
262
260
265
269
271
273 274 278 281 282
274 275 276 277 278 281 282
276 275 277 278
277 275 278
278 275 279 280 281 282
279 280 281
280 281
281 282
282 283 284 285 286
286 283 285
275
283 284 285
284 285
285
288 289 290 294 296 309
290 289 291 292 293 294 296
293 291 292 294
294 291 295 296
296 291 295 297 298 299 301 302 309
302 297 299 301 303 305 306 307 309
309 303 304 307 308 310 311 313 314
289
291 292
292
295
297 298 299 301
298 299
299 300 301
301 300
300
303 304 305 306 307
305 304 306 307
306 304 307
307 304 308
304
308
310 311 313 314
311 312 313 314
313 312 314
314
312
316 317 318 321
317 318
318 319 320 321
320 319 321
321 319 322 326 328
322 323 324 325 326 328
326 324 325 327 328
328 324 327 329 330 331 339 344 346 347 348 349
347 331 332 334 339 340 344 346 348
348 331 332 334 335 339 340 342 344 345 346 349
349 331 332 334 335 339 340 342 350 351 353 359 360 368
368 351 353 360 366 367
319
323 324
324 325
325
327
329 330 331
330 331
331 332 334 335 337 338 339 344 346
339 332 334 335 338 340 344
344 332 334 340 342 343 345 346
346 332 345
332 333 334 338
334 333 335 337 338
335 336 337 338
337 336 338
338
333
336
340 341 342
341 342
342 343
343
345
350 351
351 352 353 359 360
353 352 354 355 357 359 360
359 354 355 357 358 360
360 354 355 361 362 363 364 365 366
352
354 355 357
355 356 357
357 356 358
356
358
361 362 363 364 366
362 363 364 366
363 364 366
364 365 366
365 366
366 367
367
370 371 372 373 395 606
371 372
372 373
373 374 375 378 390 391 395 606
375 374 376 377 378
378 376 377 379 380 381 382 383 385 386 388 389 390 391 395
388 379 383 386 387 389
389 379 390 391
390 391
391 379 392 393 394 395
395 392 393 394 396 397 398 399 405 407 419 420 427 447 448 464 498 603 606
427 396 399 419 420 421 422 423 424 425 426 428 429 431 432 435 440 443 444 447 448
447 396 399 407 419 420 429 430 431 432 435 437 438 440 443 444 445 446 448
448 396 397 399 407 408 419 420 421 422 429 430 431 432 435 437 438 440 441 443 444 445 449 450 452 454 458 459 464 606
459 450 452 454 455 458 460 461 463 464
464 461 463 465 467 468 469 470 471 472 475 485 498 606
485 472 475 478 479 480 481 482 483 484 486 487 488 489 490 491 497 498
498 491 492 494 495 497 499 504 505 506 509 510 523 559 563 565 568 569 603 606
568 499 510 523 527 535 536 541 559 563 565 566 567 569
569 499 510 523 527 535 536 541 543 544 549 559 563 565 570 578 579 580 582 583 586 589 597 603 606
603 499 510 523 570 589 593 597 599 600 601 602 604 605 606
606 396 397 499 510 523 527 535 536 541 570 572 582 583 589 593 595 597 599 600 604 605 607 612 613 614 615 618 622 623 624 637 638 650 652 656 674 683 684 686 714 725 836 883 886
374
376 377
377
379 380 381 382 383 386
380 381
381 382 383
382 383
383 384 385 386
385 384 386
386 384 387
384
387
392 393 394
393 394
394
396 397 398 399 407 419
397 398 399
398 399
399 400 401 402 404 405 407 419
405 402 403 404 406 407
407 400 402 406 408 412 414 419
419 408 412 414 415 416 417 418 420
420 421 422 426
400 401 402
401 402
402 403 404
404 403
403
406
408 409 410 411 412 414
412 409 410 411 413 414
414 413 415 416 417 418
409 410 411
410 411
411
413
415 416 417
416 417
417 418
418
421 422
422 423 424 425 426
426 423 424 425
423 424 425
424 425
425
428 429
429 430 431 432 435 444
431 430 432
432 430 433 434 435
435 433 434 436 437 439 440 443 444
440 437 438 439 441 443 444
443 441 442 444
444 437 445
430
433 434
434
436 437
437 438 439
439 438
438
441 442
442
445 446
446
449 450
450 451 452
452 451 453 454
454 453 455 456 457 458
458 455 456 457
451
453
455 456 457
456 457
457
460 461
461 462 463
463 462
462
465 466 467 468 470 472
467 466 468
468 466 469 470 472
469 470 472
470 471 472
471 472
472 473 474 475
475 473 474 476 477 478 482 483 484
466
473 474
474
476 477
477 478
478 479 481 482 483 484
482 479 481 483
483 479 480 481 484
484 479
479 480 481
481 480
480
486 487 488 491
487 488
488 489 491
489 490 491
490 491
491 492 493 494 495 496 497
497 492 494 495 496
492 493 494
493 494
494 495 496
495 496
496
499 500 501 504 505 506 510 523 563 565
504 501 502 503 505 506 510
505 506
506 501 507 509 510
509 507 508 510
510 501 507 508 511 512 513 515 516 519 520 521 523
523 513 514 516 519 520 521 522 524 525 526 527 534 535 540 541 551 558 559 563 565
559 527 535 536 541 543 544 549 551 552 554 555 556 557 558 560 561 562 563
563 527 535 536 541 560 561 562 564 565
565 564 566
500 501
501 502 503
502 503
503
507 508
508
511 512 513
512 513
513 514 515 516 519 520 521
515 514 516
516 514 517 518 519 520
519 517 518 520
520 521
521 522
514
517 518
518
522
524 525 527
525 526 527
526 527
527 528 529 532 533 534 535 540 541 558
534 529 530 531 532 533 535
535 529 536 540 541
540 536 537 538 539 541
541 536 542 543 544 546 547 549 551 558
551 543 549 550 552 556 558
558 552 554 556 557
528 529
529 530 532 533
532 530 531 533
533 530 531
530 531
531
536 537
537 538
538 539
539
542 543
543 544 546 547 549
544 545 546 547 549
546 545 547 549
547 548 549
549 548 550
545
548
550
552 553 554 556
556 554 555 557
553 554
554 555
555
557
560 561
561 562
562
564
566 567
567
570 571 572 575 578 579 580 582 583 586 589
578 572 575 576 577 579
579 572 575 580 582
580 572 581 582
582 572 581 583 589
583 584 585 586 589
586 584 585 587 589
589 572 587 588 590 591 592 593 597
597 593 595 596 598 599 602
571 572
572 573 574 575
575 574 576 577
573 574
574
576 577
577
581
584 585
585
587 588
588
590 591 592 593
591 592
592 593
593 594 595
594 595
595 596
596
598 599
599 600 602
602 600 601
600 601
601
604 605
605
607 608 609 611 612 613 614 615 618 622 623 624 638 652 656 674 683 684 686 714 725 883 886
612 609 610 611 613 615 618 623 624
613 614 615 618 624
614 615 618
615 616 617 618
618 609 616 617 619 621 622 623 624
622 619 620 621 623
623 609 619 624
624 609 625 626 630 631 634 637 638 652 656 686
637 626 627 634 635 636 638
638 626 627 630 631 634 635 639 640 643 645 646 647 650 652 656
650 640 643 647 648 649 651 652
652 640 643 644 645 647 651 653 654 656
656 609 640 643 653 654 655 657 659 663 664 665 666 669 673 674 683 684 686
674 657 659 660 661 665 666 669 670 671 673 675 676 683 684 686
683 676 680 681 682 684
684 657 676 680 685 686
686 609 657 676 685 687 688 689 690 691 694 696 714 725
714 696 697 698 699 710 711 712 713 715 717 720 721 723 725
725 715 717 718 720 721 723 724 726 727 728 729 735 742 750 756 759 761 762 766 804 813 814 817 825 835 836 883 886
836 729 735 742 743 766 781 786 788 817 825 826 827 828 832 834 835 837 839 841 846 847 848 850 865 867 883 886
883 837 839 841 850 858 867 874 877 879 880 881 882 884 885 886
886 837 839 841 850 858 867 884 885 887 888 889 890 891 892 893
608 609
609 610 611
611 610
610
616 617
617
619 620 621
621 620
620
625 626
626 627 629 630 631 634
630 627 628 629 631
631 627 632 633 634
634 627 632 633 635
627 628 629
629 628
628
632 633
633
635 636
636
639 640
640 641 642 643 646 647
643 641 642 644 645 646 647
645 644 646 647
646 644 647
647 644 648 649
641 642
642
644
648 649
649
651
653 654
654 655
655
657 658 659 665 666 669 673
659 658 660 661 662 663 664 665 666 669 673
663 662 664 665
664 665
665 660 661 662 666 669
666 667 669
669 667 668 670 671 672 673
673 670 671 672
658
660 661
661 662
662
667 668
668
670 671 672
671 672
672
675 676
676 677 678 679 680
677 678 680
678 679 680
679 680
680 681 682
681 682
682
685
687 688 691
688 689 690 691
689 690 691
690 691
691 692 693 694 696
694 692 693 695 696
696 695 697 700 701 702 703 705 706 708 709 710
692 693
693
695
697 698 699 700 701 702 703 705 706 708 709 710
700 699 701 702 703
701 698 699 702
702 698 699 703
703 698 699 704 705 706 708 709 710
705 704 706 708 709 710
706 707 708 709 710
708 704 707 709 710
709 698 704 707 710
710 698 699 704 707 711 712 713
698 699
699
704
707
711 712 713
712 713
713
715 716 717 720 721 723
717 716 718 719 720 721 723
720 718 719 721 723
721 722 723
723 718 722 724
716
718 719
719
722
724
726 727
727 728 729
728 729
729 730 731 732 733 734 735 742 759 761 762 766 817 825
735 730 733 734 736 738 739 740 741 742 761 762 766 817 825
742 736 741 743 745 750 756 759 761 762 766 825
750 743 745 746 747 749 751 753 754 755 756 759 761 762
756 743 751 753 754 755 757 759 761 762
759 743 745 757 758 760 761 762
761 743 745 760 762
762 743 745 757 763 764 766
766 743 745 764 765 767 769 770 771 772 773 774 780 781 804 813 814 817 825
804 781 786 788 794 795 797 799 800 802 803 805 806 807 808 810 813 817
813 781 786 788 806 807 808 810 811 812 814 817
814 781 786 788 815 816 817
817 781 786 788 794 815 816 818 820 822 824 825
825 781 786 818 820 821 822 823 824 826 827 831 832 834 835
835 826 827 828 832 834
730 731 732 733
731 732 733
732 733
733 734
734
736 737 738 739 740 741
738 737 739 740
739 737 740
740 737 741
741
737
743 744 745
745 744 746 747 748 749
744
746 747 748 749
747 748 749
748 749
749
751 752 753 754 755
753 752 754 755
754 755
755
752
757 758
758
760
763 764
764 765
765
767 768 769 770 771 772 774 781
769 768 770 771
770 771
771 768 772 774 781
772 773 774 781
773 774 781
774 775 777 780 781
780 775 777 778 779 781
781 775 777 778 779 782 783 786 794 803
768
775 776 777
777 776 778 779
776
778 779
779
782 783
783 784 785 786
786 784 785 787 788 794 803
794 788 789 792 793 795 797 802 803
803 788 795 797 799 800 802
784 785
785
787 788
788 789 791 792
789 790 791 792
791 790 792
792 790 793
790
793
795 796 797 802
797 796 798 799 800 802
802 799 800 801
796
798 799
799 800
800 801
801
805 806
806 807 810
807 808 810
808 809 810
810 809 811 812
809
811 812
812
815 816
816
818 819 820 822
820 819 821 822
822 821 823 824
824 823
819
821
823
826 827 832 834
827 828 830 831 832 834
831 828 830 832
832 828 830 833 834
834 833
828 829 830
830 829
829
833
837 838 839 850 865 867
839 838 840 841 847 848 850 867
841 840 842 844 845 846 847 850 867
846 842 844 845 847
847 842 848 850
848 849 850
850 849 851 852 853 855 856 857 858 864 865 867
865 858 859 860 861 862 864 866 867
867 858 866 868 869 870 871 872 873 874 877 879
838
840
842 843 844
844 843 845
845
843
849
851 852 853 856 857 858
852 853 856 858
853 854 855 856 858
855 854 856
856 854 857 858
857 858
858 859 861 862 863 864
864 859 860 861 862 863
854
859 860 861 862 863
861 860 862 863
862 863
863
860
866
868 869 870 873 874
869 870
870 871 873 874
871 872 873 874
872 873 874
873 874
874 875 876 877
877 875 876 878 879
879 878 880
875 876
876
878
880 881 882
881 882
882
884 885
885
887 888 891 892 893
888 889 890 891 892 893
889 890 891 892 893
890 891 892 893
891 892 893
892 893
893 894 895 896 899
894 895
895 896
896 897 898 899
899 898
897 898
898
