#fractalVisibilityGraph.py
# GMT Thu Dec 10 22:40:57 2020
# 
0 1 2 3 8
1 2 3
2 3
3 4 8
8 4 5 6 7 9 10 12 13 14 15 17 18 23 24 27 28
4 5 6 7
5 6 7
6 7
7
9 10 28
10 11 12 13 14 15 17 18 27 28
12 11 13 14 15 17 18 28
13 14 15 18
14 15
15 11 16 17 18
17 11 16 18
18 11 16 19 20 21 22 23 24 27 28
23 19 20 21 22 24 27 28
24 25 26 27 28
27 19 20 25 26 28
28 11 19 20 21 22 25 29 66 88
11
16
19 20 21
20 21
21 22
22
25 26
26
29 30 31 33 35 36 39 49 51 52 57 60 65 66 88
66 30 39 40 41 42 52 57 60 61 63 64 65 67 69 70 71 72 77 79 80 81 88
88 67 72 81 82 83 84 85 87 89 90 91 92 93 95 97 98 99
30 31 33 35 36 39 52 57 60 65
31 32 33 36 39
33 32 34 35 36
35 34 36
36 34 37 38 39
39 37 38 40 44 46 48 49 51 52 57 60 65
49 40 41 42 46 48 50 51 52
51 40 41 42 50 52
52 40 41 42 46 53 55 57 60
57 40 53 55 56 58 59 60
60 40 58 59 61 65
65 40 61 63 64
32
34
37 38
38
40 41 42 44 46
44 42 43 45 46
46 41 42 43 45 47 48
48 47
41 42
42 43
43
45
47
50
53 54 55
55 54 56
54
56
58 59
59
61 62 63 64
62 63
63 64
64
67 68 69 70 71 72 80 81
69 68 70 71 72
70 71 72
71 72
72 73 75 76 77 79 80 81
77 73 75 76 78 79 81
79 73 78 80 81
80 73 81
81 73 82 83 84 85 87
68
73 74 75
75 74 76
76
74
78
82 83 84 85 87
83 84 87
84 85 87
85 86 87
87 86
86
89 90 91 92 93 95 97 98 99
90 91 92 93 98 99
91 92 93 99
92 93
93 94 95 97 98 99
95 94 96 97 98 99
97 96 98 99
98 99
99
94
96
