#fractalVisibilityGraph_multifractal.py
# GMT Thu Dec 10 23:16:38 2020
# 
0 1
1 2 5
2 3 5
5 3 4 6 7 8 11
3 4
4
6 7
7 8
8 9 10 11
11 9 10 12 64 65 99 291 536 584 932 933 960 966 1193 1194 1195
9 10
10
12 13 14 15 17 18 19 20 21 22 23 28 29 30 31 34 35 36 37 41 47 48 54 55 64 65 99 291 536 584 932 933 960 966 1193 1194 1195
64 15 17 23 37 41 48 55 57 58 59 60 61 62 63 65
65 15 17 18 23 31 37 41 42 48 49 51 55 56 57 58 59 60 61 62 63 66 67 68 69 70 71 72 73 74 75 76 79 80 99 536 584 932 933 960 966 1193 1194 1195
99 80 82 86 90 91 92 94 95 96 97 98 100 101 102 104 105 106 107 109 110 112 113 114 115 117 120 125 226 291 536 584 932 933 960 966 1193 1194 1195
291 125 127 155 226 228 233 239 240 269 270 271 272 273 274 275 276 278 279 281 282 283 284 285 287 289 290 292 293 294 295 297 298 299 303 308 314 316 317 322 328 339 340 341 342 345 356 357 389 391 393 395 396 476 481 536 584 932 933 960 966 1193 1194 1195
536 125 299 300 301 303 308 314 317 318 328 357 396 407 418 425 426 430 431 432 437 449 481 482 483 499 500 501 504 506 508 510 511 513 515 516 517 518 519 520 521 523 524 525 528 529 531 532 533 534 535 537 538 539 540 541 542 543 544 546 547 548 549 550 551 552 553 554 555 556 557 558 559 561 562 564 565 566 570 571 572 581 582 584 932 933 960 966 1193 1194 1195
584 120 125 538 539 540 541 544 545 546 547 548 549 550 551 552 554 555 558 559 561 562 566 567 568 570 572 574 575 576 577 578 579 581 582 583 585 587 588 589 590 591 592 593 594 595 596 599 600 601 602 603 605 606 608 609 610 611 613 615 618 628 629 630 632 634 644 654 657 661 662 664 667 668 669 674 675 679 680 693 695 698 699 700 702 704 706 709 710 711 712 715 717 718 719 728 729 730 740 741 750 758 759 762 763 774 775 819 821 822 823 932 933 960 966 1193 1194 1195
932 120 125 127 155 226 299 300 585 593 618 634 635 637 639 644 646 647 648 654 657 658 659 660 662 669 680 681 685 686 687 689 693 695 696 700 702 706 707 708 709 712 715 719 720 721 724 725 730 823 827 830 831 833 834 837 864 868 869 870 873 874 878 881 882 885 886 888 889 892 903 907 909 913 914 915 916 918 919 920 922 924 925 926 927 928 929 930 931 933
933 100 120 125 127 155 157 226 299 300 301 303 308 314 317 318 328 357 396 585 593 596 618 634 635 637 639 644 646 647 648 650 654 657 658 659 660 661 662 664 669 670 671 675 680 681 682 685 686 687 689 693 695 696 698 700 702 703 704 706 707 708 709 712 715 719 720 721 724 725 728 730 731 732 741 744 745 746 750 763 764 775 823 827 830 831 833 834 837 842 843 864 868 869 870 873 874 878 881 882 885 886 888 889 890 891 892 893 903 907 909 913 914 915 916 917 918 919 920 922 924 925 926 927 928 934 935 936 937 938 939 940 941 942 943 944 945 946 947 952 953 955 960
960 100 120 125 127 155 157 226 228 233 299 300 301 303 308 314 317 318 328 357 396 407 418 425 585 587 593 596 606 618 629 634 635 637 639 641 644 646 647 648 650 654 657 658 659 660 661 662 664 669 670 671 672 675 680 681 682 685 686 687 689 693 695 696 698 700 702 703 704 706 707 708 709 712 715 719 720 721 722 723 724 725 728 730 731 732 733 734 741 744 745 746 750 751 763 764 766 775 776 779 781 822 823 827 830 831 833 834 837 838 842 843 844 845 851 864 868 869 870 873 874 934 935 936 937 938 939 940 941 943 947 948 955 957 958 959 961 962 963 964 965 966
966 100 120 125 127 155 157 158 226 228 233 299 300 301 303 308 314 317 318 328 357 396 407 418 425 585 587 593 596 606 618 629 634 635 637 639 641 644 646 647 648 650 654 657 658 659 660 661 662 664 669 670 671 672 675 680 681 682 685 686 687 689 693 695 696 698 700 702 703 704 706 707 708 709 712 715 719 720 721 722 723 724 725 728 730 961 964 965 967 968 969 970 971 972 974 975 977 978 979 980 989 990 992 993 994 996 997 998 999 1000 1001 1002 1003 1004 1006 1007 1008 1009 1017 1018 1019 1020 1021 1022 1023 1024 1026 1027 1028 1030 1031 1033 1036 1038 1039 1040 1041 1042 1043 1047 1048 1049 1050 1052 1053 1054 1055 1056 1057 1058 1059 1060 1061 1062 1063 1064 1065 1066 1067 1068 1069 1070 1071 1072 1073 1074 1075 1076 1077 1078 1079 1080 1081 1082 1083 1084 1085 1086 1087 1088 1089 1090 1091 1092 1093 1094 1095 1096 1097 1098 1100 1101 1103 1104 1105 1106 1107 1108 1131 1132 1133 1149 1173 1184 1185 1186 1192 1193 1194 1195
1193 15 100 120 125 127 155 157 158 226 228 233 299 300 301 303 308 314 317 318 328 332 357 396 398 407 418 425 980 983 985 986 992 993 1009 1010 1011 1012 1016 1017 1018 1019 1020 1023 1024 1027 1033 1034 1035 1036 1037 1043 1044 1047 1048 1049 1050 1051 1052 1053 1054 1055 1056 1057 1058 1059 1061 1062 1063 1064 1065 1066 1067 1068 1069 1070 1071 1072 1073 1074 1075 1076 1077 1078 1079 1080 1081 1082 1083 1084 1085 1086 1087 1088 1089 1090 1091 1092 1093 1108 1110 1111 1113 1114 1115 1116 1117 1118 1119 1120 1133 1134 1137 1138 1139 1141 1143 1145 1149 1150 1151 1152 1153 1155 1156 1158 1159 1160 1161 1162 1163 1164 1165 1166 1167 1168 1169 1170 1171 1173 1174 1175 1176 1177 1178 1179 1186 1187 1188 1189 1190 1192 1194
1194 15 17 80 100 120 125 127 129 155 157 158 162 167 169 226 228 233 239 292 299 300 301 303 308 314 317 318 328 332 333 345 357 358 396 398 407 418 425 426 430 431 432 437 449 585 587 593 596 606 618 629 634 635 637 639 641 644 646 647 648 650 654 657 658 659 660 661 662 664 669 670 671 672 675 680 980 983 985 986 988 992 993 1009 1010 1011 1012 1013 1016 1017 1018 1019 1020 1021 1023 1024 1027 1028 1033 1034 1035 1036 1037 1038 1039 1041 1043 1044 1047 1048 1049 1050 1051 1052 1053 1054 1055 1056 1057 1058 1059 1061 1062 1063 1064 1065 1066 1067 1068 1069 1070 1071 1072 1073 1074 1075 1076 1077 1078 1079 1080 1081 1082 1083 1084 1085 1086 1087 1088 1089 1090 1091 1092 1093 1094 1095 1096 1108 1110 1111 1112 1113 1114 1115 1116 1117 1118 1119 1120 1121 1122 1123 1127 1133 1134 1137 1138 1139 1140 1141 1143 1145 1149 1150 1151 1152 1153 1155 1156 1158 1159 1160 1161 1162 1163 1164 1165 1166 1167 1168 1169 1170 1171 1173 1174 1175 1176 1177 1178 1179 1180 1186 1187 1188 1189 1195
1195 15 17 80 100 120 125 127 129 131 155 157 158 162 167 169 171 226 228 233 239 292 299 300 301 303 308 314 317 318 328 332 333 345 357 358 362 396 398 407 418 425 426 430 431 432 437 449 451 481 585 587 588 593 596 606 618 629 634 635 637 639 641 644 646 647 648 650 654 657 658 659 660 661 662 664 669 670 671 672 675 680 681 682 685 686 687 689 693 695 696 698 700 702 703 704 706 707 708 709 710 712 715 980 983 985 986 988 992 993 994 1009 1010 1011 1012 1013 1016 1017 1018 1019 1020 1021 1023 1024 1027 1028 1033 1034 1035 1036 1037 1038 1039 1041 1043 1044 1047 1048 1049 1050 1051 1052 1053 1054 1055 1056 1057 1058 1059 1061 1062 1063 1064 1065 1066 1067 1068 1069 1070 1071 1072 1073 1074 1075 1076 1077 1078 1079 1080 1081 1082 1083 1084 1085 1086 1087 1088 1089 1090 1091 1092 1093 1094 1095 1096 1097 1108 1110 1111 1112 1113 1114 1115 1116 1117 1118 1119 1120 1121 1122 1123 1125 1127 1133 1134 1137 1138 1139 1140 1141 1143 1145 1149 1150 1151 1152 1153 1155 1156 1158 1159 1160 1161 1162 1163 1164 1165 1166 1167 1168 1169 1170 1171 1173 1174 1175 1176 1177 1196 1197 1198 1199 1200 1201 1202 1203 1204 1205 1206 1207 1210 1211 1212 1213 1214 1215 1216 1217 1218 1222 1223 1224 1225 1226 1230 1231 1232 1233 1236 1238 1239 1253 1254 1255 1256 1257 1258 1259 1260 1263 1264 1265 1266 1267 1268 1269 1270 1271 1272 1273 1274 1275 1276 1277 1279 1280 1281 1282 1283 1284 1285 1287 1288 1289 1290 1291 1292 1293 1294 1295 1296 1297 1298 1299 1301 1303 1304 1305 1308 1309 1310 1311 1317 1318 1321 1332 1337 1338 1340 1352 1353 1354 1355 1356 1357 1358 1359 1365 1366 1389 1391 1395 1396 1397 1398 1399 1401 1403 1404 1405 1409 1410 1412 1413 1415 1417 1429 1473 1489 1490 1508 1509 1515 1516 1522 1531 1532 1578 1587 1588 1589 1596 1598 1599 1600 1602 1603 1613 1614 1624 1630 1637 1641 1642 1692 1697 1698
13 14
14 15
15 16 17 20 21 23 31 34 35 36 37 48 55
17 16 18 19 20 21 23 36 37 48 55
18 19 23
19 20 21 23
20 21 23
21 22 23
22 23
23 24 25 26 27 28 29 30 31 34 35 36 37 48 55
28 26 27 29 31
29 26 27 30 31
30 26 27 31
31 24 26 27 32 33 34 37
34 32 33 35 36 37
35 36 37
36 37
37 32 38 39 40 41 48 55
41 38 39 40 42 44 45 46 47 48 55
47 42 44 45 46 48
48 42 44 45 46 49 50 51 52 54 55
54 51 52 53 55
55 49 51 52 56 57 58 60 61 62 63
16
24 25 26
25 26
26 27
27
32 33
33
38 39 40
39 40
40
42 43 44 45 46
44 43 45
45 46
46
43
49 50 51
50 51
51 52
52 53
53
56 57
57 58 61 62 63
58 59 60 61 62 63
60 59 61 62
61 62
62 63
63
59
66 67
67 68
68 69 71 72 73 74 75 76 80
69 70 71 72 73 75 76 80
70 71 72 73 76
71 72 73 76
72 73
73 74 75 76
74 75 76
75 76
76 77 78 79 80
79 77 78 80
80 77 78 81 82 86 94
77 78
78
81 82
82 83 86
86 83 84 85 87 88 89 90 94
94 90 91 92 93 95 96
83 84 85
84 85
85
87 88 89 90
88 89 90
89 90
90 91 92
91 92
92 93
93
95 96
96 97 98
97 98
98
100 101 104 105 106 107 109 110 113 114 115 117 120
101 102 104 105 110 114 115 117 120
102 103 104 105
104 103 105
105 103 106 107 110 114 115 117 120
106 107 110 114 115 117 120
107 108 109 110 114 115 117 120
109 108 110
110 108 111 112 113 114 115 120
112 111 113 114
113 111 114
114 111 115
115 111 116 117 120
117 116 118 119 120
120 108 111 118 119 121 123 125
125 121 122 123 124 126 127 129 131 138 139 140 141 144 146 147 150 152 155 209 212 226
226 155 157 158 162 167 169 171 180 183 184 185 193 209 212 213 218 219 220 222 223 224 225 227 228 233 239 258 260 262 263 265 266 267 269
103
108
111
116
118 119
119
121 122 123
123 122 124
122
124
126 127
127 128 129 131 139 140 141 144 146 147 150 152 155
129 128 130 131 155
131 130 132 133 135 136 137 138 139 140 141 144 147 152 155
138 133 135 136 137 139
139 133 135 136 137 140
140 133 135 136 137 141 144 155
141 133 142 144 155
144 133 135 142 143 145 146 147 155
146 145 147 155
147 148 149 150 152 155
150 148 149 151 152 155
152 151 153 154 155
155 133 135 136 148 151 153 154 156 157 162 164 167 169 171 176 177 178 180 193 201 202 204 207 208 209 212
209 157 158 162 167 169 180 183 184 185 193 204 206 207 208 210 212
212 210 211 213 215 217 218 219 222 223 224
128
130
132 133
133 134 135 137
135 134 136 137
136 137
137
134
142 143
143
145
148 149
149
151
153 154
154
156 157
157 158 160 161 162 164 167 169 171 176 177 178 180 202 204 207 208
162 158 160 161 163 164 167 169 180 204 207 208
164 163 165 166 167
167 158 163 165 166 168 169 180 207 208
169 158 168 170 171 176 177 178 180 207 208
171 170 172 175 176 177 178 180
176 172 175 177 178
177 172 178
178 158 172 175 179 180
180 158 172 179 181 182 183 184 185 193 201 202 204 207 208
193 184 185 186 187 189 191 192 194 195 199 200 201 202 204
201 194 195 196 198 200 202
202 158 183 184 185 194 195 196 203 204
204 158 183 184 185 194 203 205 206 207 208
207 158 206 208
208 158
158 159 160
160 159 161
161
159
163
165 166
166
168
170
172 173 174 175
175 173 174
173 174
174
179
181 182 183
182 183
183 184
184 185
185 186 191 192
186 187 189 191 192
191 187 189 190 192
192 187 189
187 188 189
189 188 190
188
190
194 195 199 200
195 196 198 199 200
199 196 198 200
200 196 198
196 197 198
198 197
197
203
205 206
206
210 211
211
213 214 215 217 218 219
215 214 216 217 218
217 216 218
218 219
219 220 222 223 224
222 220 221 223
223 220 224
224 220 225
214
216
220 221
221
225
227 228
228 229 230 231 233 265 266 267 269
233 229 230 231 232 234 235 236 237 238 239 263 265 266 267 269
239 234 236 237 238 240 241 242 243 244 245 246 247 248 249 251 254 257 258 260 263 265 266 267 269
258 251 254 255 256 257 259 260 265 266 267
260 240 251 252 254 255 259 261 262 263 265 266 267
262 261 263
263 240 244 251 252 254 255 261 264 265 267
265 240 243 244 245 248 251 252 254 255 256 257 261 264 266 267
266 240 243 244 245 246 248 249 251 252 254 255 256 257 261 267
267 240 243 244 245 246 248 249 251 252 254 255 256 257 261 268 269
269 240 243 244 245 246 248 249 251 252 254 255 256 268 270 271 272 273 274 275 276 277 278 282 285 287 289 290
229 230 231
230 231
231 232
232
234 235 236
235 236
236 237 238
237 238
238
240 241 242 243 244 246 247 248 249 251
241 242 243
242 243
243 244
244 245 246 247 248 251
245 246 247 248 251
246 247 248
247 248
248 249 251
249 250 251
251 250 252 254 257
254 252 253 255 256 257
257 255 256
250
252 253
253
255 256
256
259
261
264
268
270 271 273 274 275 276 277 278 287 289 290
271 272 273 274 275 276 277 278 289 290
272 273
273 274 275 276 277 278
274 275 276 278
275 276 278
276 277 278
277 278
278 279 282 285 287 289 290
282 279 281 283 284 285 287 289 290
285 279 284 286 287
287 279 281 283 284 286 288 289
289 279 281 283 284 288 290
290 279 281
279 280 281
280 281
281
283 284
284
286
288
292 293 295 299
293 294 295 299
294 295
295 296 297 299
297 296 298 299
298 299
299 300 301 302 303 308 314 317 328 342 345 356 357 395 396 481
303 300 301 302 304 305 307 308 317 328 345 356 357 395 396
308 300 301 304 305 306 307 309 310 311 312 313 314 317 328 345 356 357 395 396
314 300 301 309 310 311 312 313 315 316 317 356 357 396
316 315 317
317 300 301 318 322 328 356 357
322 318 319 320 321 323 324 325 327 328
328 300 301 318 325 326 327 329 330 331 332 336 338 339 340 341 342 345 356 357
339 332 333 334 336 337 338 340 342
340 332 333 334 336 337 338 341 342
341 332 342
342 300 301 332 333 334 336 337 338 343 344 345
345 300 301 332 333 334 343 344 346 350 354 355 356 357
356 300 301 332 346 350 351 352 353 354 355 357
357 300 301 332 346 350 358 359 360 361 362 363 364 365 366 369 370 371 372 376 377 378 379 380 381 383 384 385 386 388 389 391 393 395 396
389 362 372 373 376 377 378 379 381 382 383 384 385 386 387 388 390 391 393 395
391 362 363 372 373 376 377 378 379 380 381 382 383 384 385 390 392 393 395
393 362 363 364 366 372 373 376 377 378 379 380 381 382 383 384 385 386 392 394 395
395 300 301 358 362 363 364 365 366 372 373 376 377 378 379 380 381 382 383 384 385 386 387 390 394 396
396 300 301 358 362 363 364 365 366 372 373 376 377 397 398 399 400 401 403 406 407 417 418 423 425 446 449 460 476 481
476 407 418 425 426 430 449 451 454 460 461 462 463 464 465 466 469 471 472 473 475 477 478 480 481
481 407 418 425 426 430 449 451 454 460 461 478 480 482 483 484 485 487 489 491 492 495 496 497 499 535
296
300 301
301 302
302
304 305 307
305 306 307
307 306
306
309 310 311 312 313
310 311 313
311 312 313
312 313
313
315
318 319 320
319 320
320 321
321
323 324 325
324 325
325 326 327
327 326
326
329 330
330 331 332
331 332
332 333 334 336 338
336 333 334 335 337 338
338 333 337
333 334
334 335
335
337
343 344
344
346 347 348 349 350 354 355
350 347 349 351 352 353 354 355
354 351 353 355
355
347 348 349
348 349
349
351 352 353
352 353
353
358 359 362
359 360 361 362
360 361 362
361 362
362 363 364 365 366 372
363 364 366 372
364 365 366 372
365 366
366 367 368 369 371 372
369 367 368 370 371 372
370 371 372
371 372
372 367 373 375 376 377 380 381 383 384 385 388
376 373 374 375 377 384 385
377 373 378 379 380 381 384 385
378 379 380 381 385
379 380 381
380 381
381 373 382 383 384 385
383 382 384 385
384 373 385
385 373 386 388
386 387 388
388 387
367 368
368
373 374 375
375 374
374
382
387
390
392
394
397 398
398 399 400 401 407
399 400 401
400 401
401 402 403 407
403 402 404 405 406 407
406 404 405 407
407 402 404 405 408 409 410 411 413 414 416 417 418
417 408 409 411 412 413 414 416 418
418 408 409 410 411 412 413 414 416 419 421 422 423 425
423 419 420 421 422 424 425
425 424 426 427 428 429 430 436 437 443 446 449
446 430 437 438 439 440 441 443 444 445 447 448 449
449 426 430 431 432 437 438 439 440 441 447 448 450 451 453 454 457 460
460 451 454 457 458 459 461 465 466 468 469 471
402
404 405
405
408 409 410 411 414 416
409 410 411
410 411
411 412 413 414 416
413 412 414
414 412 415 416
416 415
412
415
419 420 421 422
421 420 422
422 420
420
424
426 427 429 430
427 428 429 430
428 429
429 430
430 431 432 435 436 437
436 432 433 435 437
437 431 432 438 439 440 441 443
443 438 441 442 444
431 432
432 433 435
435 433 434
433 434
434
438 439 440 441
439 440
440 441
441 442
442
444 445
445
447 448
448
450 451
451 452 453 454
453 452 454
454 455 456 457
457 455 456 458 459
452
455 456
456
458 459
459
461 462 463 464 465 466 468 469 471
465 462 463 464 466 468 469 471
466 467 468 469 471
468 467 469
469 462 467 470 471
471 462 470 472
462 463 464
463 464
464
467
470
472 473 475
473 474 475
475 474
474
477 478
478 479 480
480 479
479
482 483 485 487 491 492 495 496 497 499
483 484 485 487 492 496 497 499
484 485
485 486 487 499
487 486 488 489 491 492 496 497 499
489 488 490 491 499
491 488 490 492 499
492 488 493 494 495 496 497 499
495 493 494 496 497 499
496 497 499
497 498 499
499 488 493 494 498 500 501 504 506 508 510 513 514 515 516 520 523 524 528 529 531 535
535 501 504 506 510 515 516 517 518 520 523 524 525 531 532 533 534
486
488
490
493 494
494
498
500 501
501 502 503 504 515 516 523 524 531
504 502 503 505 506 510 515 516 523 524 531
506 505 507 508 510 515 516 523 524 531
508 507 509 510
510 509 511 512 513 514 515 516 524 531
513 511 512 514 515
514 515
515 511 516 531
516 517 518 519 520 523 524 531
520 517 518 519 521 522 523 531
523 517 518 521 522 524 531
524 517 525 528 529 531
528 525 526 527 529 531
529 530 531
531 517 518 525 530 532 533 534
502 503
503
505
507
509
511 512
512
517 518
518 519
519
521 522
522
525 526 527
526 527
527
530
532 533 534
533 534
534
537 538
538 539 558 559 561 564 565 566 581 582
539 540 541 542 543 544 547 548 549 550 551 552 553 554 555 557 558 559 561 564 565 566 581 582
540 541 542 543 544 554 558 559 561 565 566 581 582
541 542 543 544 582
542 543 544
543 544
544 545 546 547 548 550 551 552 553 554 558 559 561 566 581 582
546 545 547 552 553 554 558 559 566 581 582
547 548 550 552 553 554 558 559 566 582
548 549 550 552 553 554 559 566 582
549 550 582
550 551 552 553 554 582
551 552 554
552 553 554
553 554
554 555 557 558 559 566 582
555 556 557 558 559 566 582
556 557 558
557 558
558 559 582
559 560 561 566 582
561 560 562 564 565 566
562 563 564 565 566
564 563 565 566
565 566
566 563 567 570 571 572 581 582
570 567 568 569 571 572 582
571 572
572 567 568 573 574 575 576 579 581 582
581 567 574 576 577 578 579 580 582
582 567 568 574 576 577 578 583
545
560
563
567 568
568 569
569
573 574
574 575 576
575 576
576 577 578 579
579 577 578 580
577 578
578
580
583
585 586 587 588 589 590 591 592 593 595 596 599 600 601 602 603 605 606 608 611 613 615 618 628 629 630 632 634 644 667 668 669 675 679 680 700 702 706 709 711 712 715 719 730 740 741 750 759 762 763 774 775 819 821 822 823
587 586 588 592 593
588 589 590 591 592 593
589 590
590 591 592 593
591 592 593
592 593
593 594 595 596 602 603 605 606 615 618
594 595 596
595 596
596 597 599 600 601 602 603 605 606 618
599 597 598 600 601 602
600 601 602
601 597 602
602 597 603 605 606
603 604 605 606
605 597 604 606
606 597 607 608 611 613 615 618
608 607 609 610 611 613 615 618
609 610 611 615 618
610 611
611 612 613 615 618
613 612 614 615 618
615 614 616 618
618 616 617 619 620 621 622 623 624 625 627 628 629 630 632 634 762 763 775 821 822 823
628 619 621 625 626 627 629
629 619 621 623 625 630 632 634
630 631 632 634
632 631 633 634
634 633 635 637 639 641 644 667 668 669 675 679 680 711 712 715 719 740 741 762 763 775 821 822 823
644 635 639 641 642 643 645 646 647 648 650 652 653 654 657 662 664 667 668 669 675 679 680 715 719 741 762 763 775 821 822 823
654 646 647 648 650 651 652 653 655 656 657 662 664 667 668 669 675 679 680 763 775 821 822 823
657 655 656 658 659 660 661 662 664 667 668 669 680 822 823
661 659 660 662
662 658 659 660 663 664 669
664 658 659 663 665 667 668 669
667 646 665 666 668 669
668 646 658 659 665 669
669 646 647 658 659 665 670 671 674 675 679 680 822 823
674 671 672 673 675
675 646 647 671 672 676 677 678 679 680
679 646 647 676 677 678 680
680 646 647 658 671 676 677 681 682 683 684 685 686 687 688 689 693 699 700 702 706 711 712 715 719 741 762 763 775 821 822 823
693 689 690 691 692 694 695 699 700 702 706 712 715 719 762 763 775 822 823
695 694 696 698 699 700 706 712 715 719 762 763 775 822 823
698 696 697 699 700
699 696 700
700 696 701 702 706 712 715 719 763 775 822 823
702 701 703 704 706 715 719 822 823
704 703 705 706
706 703 705 707 708 709 711 712 715 719 822 823
709 707 708 710 711 712 715 822 823
710 711 712
711 707 708 712
712 707 708 713 714 715
715 689 696 707 708 713 714 716 717 718 719 822 823
717 716 718 719
718 719
719 635 685 689 696 720 721 722 723 724 728 729 730 740 741 762 763 775 822 823
728 724 725 726 727 729 730
729 724 730
730 724 725 731 732 733 734 740 741 763 822 823
740 734 735 737 738 739 741
741 635 646 721 724 731 732 734 735 737 738 742 743 744 746 749 750 759 762 763 822 823
750 744 746 748 749 751 753 756 758 759 762 763
758 751 753 756 757 759 762
759 751 753 756 757 760 762
762 635 646 647 685 689 721 724 744 746 751 752 753 754 755 756 757 760 761 763
763 635 646 647 685 689 696 721 724 744 746 751 752 753 754 755 756 764 765 766 769 770 771 773 774 775 822 823
774 764 766 771 773 775
775 635 646 647 648 685 689 696 764 766 767 771 773 776 777 779 781 789 790 791 793 795 796 815 817 819 821 822 823
819 781 796 801 802 804 805 806 807 810 815 816 817 818 820 821 822
821 635 646 647 648 781 782 783 796 801 802 804 805 806 807 810 815 816 817 820 822
822 635 639 646 647 648 658 659 685 686 689 696 707 708 721 724 725 744 745 746 764 776 779 781 782 783 784 785 786 787 788 789 790 796 801 802 803 804 805 806 807 810 811 814 815 816 817 818 820 823
823 635 639 646 647 648 658 659 685 686 689 696 707 708 721 724 725 744 745 746 764 776 779 781 824 825 826 827 830 831 833 837 838 841 842 845 847 848 850 851 857 860 863 864 868 903
586
597 598
598
604
607
612
614
616 617
617
619 620 621 623 625
620 621
621 622 623 625
622 623
623 624 625
624 625
625 626 627
627 626
626
631
633
635 636 637 639
637 636 638 639
639 638 640 641
641 640 642
636
638
640
642 643
643
645 646
646 647 648 650 652 653
647 648 650 652 653
648 649 650 653
650 649 651 652 653
652 651 653
653 651
649
651
655 656
656
658 659
659 660
660
663
665 666
666
670 671
671 672
672 673
673
676 677 678
677 678
678
681 682 685
682 683 684 685
683 684 685
684 685
685 686 687 688 689
686 687 689
687 688 689
688 689
689 690 692
690 691 692
692 691
691
694
696 697
697
701
703
705
707 708
708
713 714
714
716
720 721
721 722 723 724
722 723 724
723 724
724 725 727
725 726 727
727 726
726
731 732 733 734
732 733 734
733 734
734 735 737 738
735 736 737 738
737 736 738
738 739
736
739
742 743 744
743 744
744 745 746 749
746 745 747 748 749
749 748
745
747 748
748
751 752 753 756
753 752 754 755 756
756 754 755 757
752
754 755
755
757
760 761
761
764 765 766 771 773
765 766
766 767 768 769 770 771 773
769 767 768 770 771
770 767 768 771
771 767 768 772 773
773 772
767 768
768
772
776 777 779 781
777 778 779
779 778 780 781
781 780 782 783 785 786 788 789 790 791 793 795 796
789 782 783 785 786 788 790 793 795 796
790 782 783 791 793 795 796
791 792 793 795 796
793 782 783 785 786 792 794 795 796
795 782 783 785 786 794 796
796 782 783 785 786 787 788 792 794 797 798 799 800 801 804 810 813 814 815 817
815 801 802 804 805 806 807 810 814 816 817
817 801 802 804 816 818
778
780
782 783 785 786 788
783 784 785 786
785 784 786
786 787 788
788 787
784
787
792
794
797 798 800
798 799 800
799 800
800 801
801 802 804 814
804 802 803 805 806 807 810 813 814
810 805 806 807 808 809 811 813 814
813 811 812 814
814 805 806 807 811
802 803
803
805 806 807
806 807
807 808
808 809
809
811 812
812
816
818
820
824 825 826 827
825 826 827
826 827
827 828 830 831 842 848 850 851 860 863 864
830 828 829 831
831 832 833 842 848 850 851 860 863 864
833 832 834 837 838 841 842 848 850 851 860 863 864
837 834 836 838 841 842 864
838 834 839 840 841 842
841 834 839 840 842
842 834 839 840 843 844 845 847 848 850 851 863 864
845 843 844 846 847 848 851 864
847 843 846 848 851
848 843 849 850 851
850 843 849 851
851 834 843 844 849 852 853 854 855 856 857 860 863 864
857 852 853 854 855 856 858 859 860 863 864
860 852 853 858 859 861 862 863 864
863 834 843 852 853 854 855 861 862 864
864 834 843 844 852 853 854 855 856 861 865 866 867 868
868 865 866 867 869 872 873 874 877 878 881 884 885 886 888 902 903
903 869 873 878 888 889 892 893 894 897 898 899 900 901 902 904 905 906 907 913
828 829
829
832
834 835 836
835 836
836
839 840
840
843 844
844
846
849
852 853
853 854 856
854 855 856
855 856
856
858 859
859
861 862
862
865 866 867
866 867
867
869 870 871 872 873 877 878 881 884 885 886 888
872 870 871 873
873 870 874 877 878 886 888
874 875 877 878
877 875 876 878
878 875 879 880 881 884 885 886 888
881 879 880 882 883 884 885 886 888
884 882 883 885
885 882 883 886
886 887 888
888 887 889 890 891 892 900 902
902 892 893 894 897 898 900 901
870 871
871
875 876
876
879 880
880
882 883
883
887
889 890 891 892
890 891 892
891 892
892 893 894 895 897 900
900 897 898 899 901
893 894 897
894 895 897
895 896 897
897 896 898 899
896
898 899
899
901
904 905 906 907
905 906 907
906 907
907 908 909 912 913
913 909 910 911 912 914 915 916 917 918 920 922
908 909
909 910 912
912 910 911
910 911
911
914 915 918 922
915 916 918 922
916 917 918 922
917 918
918 919 920 922
920 919 921 922
922 919 921 923 924 925 926 928 929 931
919
921
923 924
924 925 926 928 929
925 926
926 927 928 929
928 927 929
929 930 931
931 930
927
930
934 935 936 937 938 939 940 941 942 943 945 946 947 953 955
935 936 937 939 940 941 942 943 945 946 947 955
936 937 947 955
937 938 939 940 941 942 943 945 946 947 955
938 939 940 941 942 943 945 946 947 955
939 940 941 942 943 946 947 955
940 941 942 943 947 955
941 942 943
942 943
943 944 945 946 947
944 945 947
945 946 947
946 947
947 948 949 950 951 952 953 955
952 948 949 950 951 953 955
953 948 949 954 955
955 948 949 950 954 956 957 959
948 949
949 950 951
950 951
951
954
956 957
957 958 959
959 958
958
961 962 963 964
962 963
963 964
964 965
965
967 968
968 969 970
969 970
970 971 972 975 977 978 979
971 972
972 973 974 975 977 978 979
974 973 975
975 973 976 977 978 979
977 976 978
978 976 979
979 973 980
980 981 982 983 985 989 990 992 993 994 997 999 1000 1001 1002 1003 1004 1006 1007 1008 1009 1027 1030 1031 1033 1041 1042 1043 1052 1053 1055 1056 1057 1058 1059 1061 1064 1065 1066 1068 1070 1071 1072 1073 1074 1075 1076 1077 1079 1080 1081 1082 1083 1084 1085 1086 1087 1089 1091 1092 1093 1094 1097 1098 1100 1101 1103 1104 1106 1107 1108 1133 1185 1186 1192
989 985 986 988 990
990 983 985 986 988 991 992
992 983 985 986 988 991 993 999 1001 1002 1003 1009
993 983 985 994 997 999 1001 1002 1003 1009
994 995 996 997 999 1001 1002 1003 1009
996 995 997
997 983 985 995 998 999 1002 1009
998 999
999 983 985 1000 1001 1002
1000 983 985 1001 1002
1001 983 985 986 1002
1002 983 985 986 1003 1009
1003 983 985 986 1004 1007 1008 1009
1004 1005 1006 1007 1008 1009
1006 1005 1007 1009
1007 983 985 1005 1008 1009
1008 983 985 1009
1009 983 985 986 1005 1010 1013 1014 1015 1016 1017 1018 1019 1020 1021 1022 1023 1024 1026 1027 1031 1033 1041 1043 1058 1059 1061 1064 1065 1066 1068 1070 1071 1072 1073 1074 1075 1076 1079 1080 1081 1082 1083 1084 1085 1086 1087 1089 1091 1092 1093 1094 1100 1101 1103 1104 1106 1107 1108 1133 1185 1186 1192
1017 1010 1011 1016 1018
1018 1010 1011 1016 1019 1020 1023 1024 1027 1033 1186 1192
1019 1010 1020 1023 1024 1027 1033 1186 1192
1020 1010 1021 1022 1023 1024 1027 1033 1192
1021 1010 1022 1023
1022 1010 1023
1023 1010 1011 1024 1192
1024 1010 1011 1025 1026 1027 1033 1192
1026 1010 1025 1027
1027 1010 1011 1025 1028 1030 1031 1033 1192
1028 1029 1030 1031 1033
1030 1029 1031
1031 1010 1011 1032 1033
1033 1010 1011 1016 1032 1034 1035 1036 1038 1039 1040 1041 1043 1101 1103 1104 1106 1107 1108 1185 1186 1192
1036 1034 1035 1037 1038 1039 1040 1041 1043 1186 1192
1038 1037 1039 1041
1039 1037 1040 1041
1040 1034 1037 1041
1041 1034 1035 1037 1042 1043
1042 1043
1043 983 1010 1034 1035 1037 1044 1045 1046 1047 1048 1049 1050 1052 1053 1055 1056 1057 1058 1059 1061 1065 1066 1068 1070 1071 1072 1073 1074 1076 1079 1080 1081 1083 1084 1085 1086 1089 1091 1092 1093 1094 1100 1101 1103 1104 1106 1107 1108 1185 1186 1192
1047 1044 1046 1048 1049 1050 1057 1058 1061 1074 1076 1084 1093 1094 1103 1106 1107 1108 1185 1186 1192
1048 1049 1050 1106 1107 1108 1185 1186 1192
1049 1050 1106 1107 1108 1185 1186 1192
1050 1051 1052 1053 1056 1057 1058 1061 1103 1106 1107 1108 1185 1186 1192
1052 1051 1053 1058 1061 1106 1107 1108 1185 1186 1192
1053 1054 1055 1056 1057 1058 1061 1106 1107 1108 1185 1186 1192
1054 1055 1058 1108 1185 1186 1192
1055 1056 1057 1058 1108 1185 1186 1192
1056 1057 1058 1186 1192
1057 1058 1192
1058 983 1059 1061 1107 1108 1185 1186 1192
1059 983 1060 1061 1108 1185 1186 1192
1060 1061
1061 983 1062 1063 1064 1065 1066 1074 1076 1093 1094 1103 1106 1107 1108 1185 1186 1192
1062 1063 1064 1066 1106 1107 1108 1186 1192
1063 1064 1186 1192
1064 983 1065 1066 1106 1107 1108 1186 1192
1065 983 1066 1108 1186 1192
1066 983 1067 1068 1071 1072 1073 1074 1076 1094 1103 1106 1107 1108 1186 1192
1067 1068 1108 1186 1192
1068 983 1069 1070 1071 1072 1073 1074 1076 1106 1107 1108 1186 1192
1069 1070 1106 1107 1108 1186 1192
1070 983 1071 1106 1107 1108 1186 1192
1071 983 1072 1106 1107 1108 1186 1192
1072 983 1073 1076 1106 1107 1108 1186 1192
1073 983 1074 1076 1106 1107 1108 1186 1192
1074 983 1075 1076 1106 1107 1108 1186 1192
1075 983 1076 1108 1186 1192
1076 983 1010 1077 1079 1080 1081 1083 1084 1093 1094 1103 1106 1107 1108 1186 1192
1077 1078 1079 1094 1103 1106 1107 1108 1192
1078 1079 1108 1192
1079 983 1010 1080 1094 1103 1106 1107 1108 1192
1080 983 1010 1081 1094 1103 1106 1107 1108 1192
1081 983 1010 1082 1083 1094 1103 1106 1107 1108 1192
1082 983 1083 1106 1107 1108 1192
1083 983 1010 1084 1094 1103 1106 1107 1108 1192
1084 983 1010 1085 1086 1093 1094 1103 1106 1107 1108 1192
1085 983 1010 1086 1093 1094 1103 1106 1107 1108 1192
1086 983 1010 1087 1089 1091 1093 1094 1103 1106 1107 1108
1087 983 1088 1089 1091 1093 1094 1106 1107 1108
1088 1089 1106 1107 1108
1089 983 1010 1090 1091 1093 1094 1106 1107 1108
1090 1091 1106 1107 1108
1091 983 1010 1092 1093 1094 1106 1107 1108
1092 983 1010 1093 1106 1107 1108
1093 983 1010 1094 1106 1107 1108
1094 983 1010 1095 1096 1097 1098 1100 1101 1103 1106 1107 1108
1095 1096 1097 1100 1101 1103 1106 1107 1108
1096 1097 1103 1106 1107 1108
1097 1098 1100 1101 1103 1106 1107 1108
1098 983 1099 1100 1101 1103 1106 1107 1108
1100 983 1010 1099 1101 1103 1106 1107 1108
1101 983 1010 1102 1103 1106 1107 1108
1103 983 1010 1102 1104 1106 1108
1104 983 1010 1105 1106 1108
1105 1106
1106 983 1010 1099 1102 1107 1108
1107 983 1010 1099 1108
1108 983 985 1010 1011 1099 1102 1109 1110 1122 1123 1125 1126 1127 1131 1132 1133 1185 1186 1192
1131 1110 1111 1113 1127 1128 1129 1130 1132 1133
1132 1110 1111 1113 1114 1127 1133
1133 983 985 1010 1110 1111 1113 1114 1115 1116 1117 1118 1119 1120 1121 1123 1127 1128 1129 1134 1135 1136 1137 1138 1139 1140 1141 1142 1143 1145 1149 1173 1184 1185 1186 1192
1149 1134 1137 1138 1139 1141 1143 1145 1146 1147 1148 1150 1151 1152 1153 1155 1163 1164 1165 1173 1184 1185 1186 1192
1173 1150 1155 1165 1166 1167 1168 1169 1170 1171 1172 1174 1175 1176 1178 1180 1182 1183 1184 1185 1186 1192
1184 1176 1178 1179 1180 1181 1182 1183 1185
1185 983 985 1010 1011 1034 1035 1110 1134 1137 1150 1151 1155 1156 1158 1162 1165 1166 1167 1168 1169 1174 1176 1177 1178 1179 1180 1181 1182 1183 1186
1186 983 985 1010 1011 1016 1034 1035 1051 1110 1111 1134 1137 1138 1150 1151 1155 1156 1158 1162 1163 1165 1166 1167 1168 1169 1174 1175 1176 1177 1178 1179 1180 1181 1187 1188 1189 1190 1191 1192
1192 983 985 986 1010 1011 1016 1034 1035 1044 1051 1110 1111 1113 1114 1134 1137 1138 1139 1141 1143 1150 1151 1152 1155 1156 1158 1159 1162 1163 1165 1166 1167 1168 1169 1187 1188 1189 1190 1191
973
976
981 982
982 983
983 984 985
985 984 986 987 988
984
986 987 988
987 988
988
991
995
1005
1010 1011 1012 1013 1014 1015 1016
1013 1011 1012 1014 1015 1016
1014 1011 1012 1015 1016
1015 1011 1012 1016
1016 1011 1012
1011 1012
1012
1025
1029
1032
1034 1035
1035
1037
1044 1045 1046
1045 1046
1046
1051
1099
1102
1109 1110
1110 1111 1112 1113 1114 1115 1116 1117 1118 1119 1121 1122 1123 1125 1126 1127
1122 1111 1119 1120 1121 1123
1123 1111 1113 1118 1119 1120 1121 1124 1125 1126 1127
1125 1111 1113 1114 1117 1118 1119 1120 1124 1126 1127
1126 1111 1113 1114 1117 1118 1119 1120 1127
1127 1111 1113 1114 1117 1118 1119 1120 1121 1128 1129 1130
1111 1112 1113 1116 1117 1118 1119
1112 1113
1113 1114 1115 1116 1117 1118
1114 1115 1116 1117 1118
1115 1116
1116 1117
1117 1118
1118 1119
1119 1120 1121
1121 1120
1120
1124
1128 1129 1130
1129 1130
1130
1134 1135 1136 1137 1143 1145
1135 1136 1137
1136 1137
1137 1138 1139 1140 1141 1143 1145
1138 1139 1140 1141 1143
1139 1140 1141 1143
1140 1141
1141 1142 1143
1142 1143
1143 1144 1145
1145 1144 1146 1147 1148
1144
1146 1147
1147 1148
1148
1150 1151 1152 1153 1155
1151 1152 1153 1155
1152 1153 1155
1153 1154 1155
1155 1154 1156 1157 1158 1160 1161 1162 1163 1164 1165
1163 1158 1162 1164 1165
1164 1165
1165 1158 1162 1166 1171 1172
1154
1156 1157 1158
1157 1158
1158 1159 1160 1161 1162
1160 1159 1161
1161 1159 1162
1162 1159
1159
1166 1167 1168 1169 1170 1171 1172
1171 1167 1168 1169 1170 1172
1172 1167 1168 1169
1167 1168
1168 1169
1169 1170
1170
1174 1175 1176
1175 1176
1176 1177 1178 1183
1178 1177 1179 1180 1182 1183
1180 1179 1181 1182 1183
1182 1181 1183
1183 1181
1177
1179
1181
1187 1188 1189 1190 1191
1188 1189 1191
1189 1190 1191
1190 1191
1191
1196 1197 1201 1202 1203 1204 1206 1207 1213 1214 1215 1216 1217 1218 1223 1225 1226 1231 1232 1233 1236 1238 1239 1274 1275 1276 1277 1279 1280 1281 1282 1283 1284 1285 1287 1288 1289 1290 1291 1292 1293 1294 1295 1296 1297 1298 1299 1301 1303 1304 1308 1309 1310 1311 1318 1321 1358 1366 1405 1410 1412 1413 1415 1417 1532 1614 1624 1630 1637 1641 1642 1698
1197 1198 1200 1201 1202 1203 1204 1206 1207 1214 1215 1216 1217 1218 1223 1225 1226 1231 1232 1233 1236 1238 1239 1297 1298 1299 1301 1303 1304 1308 1309 1310 1311 1318 1321 1366 1410 1412 1413 1415 1417 1630 1637 1641 1642 1698
1198 1199 1200 1201 1202 1203 1204 1207 1218 1225 1226 1233 1236 1238 1239 1417 1698
1199 1200 1204
1200 1201 1203 1204
1201 1202 1203 1204
1202 1203 1204
1203 1204
1204 1205 1206 1207
1205 1206 1207
1206 1207
1207 1208 1209 1210 1211 1212 1213 1214 1215 1216 1217 1218 1226 1236 1238 1239
1210 1209 1211 1212 1213 1214 1215 1218
1211 1212 1213 1215
1212 1209 1213 1215
1213 1209 1214 1215
1214 1209 1215
1215 1208 1209 1216 1218
1216 1217 1218
1217 1218
1218 1208 1209 1219 1220 1221 1222 1223 1225 1226 1238 1239
1222 1219 1221 1223
1223 1219 1220 1221 1224 1225 1226
1224 1225 1226
1225 1226
1226 1219 1227 1228 1229 1230 1231 1232 1233 1236 1238 1239
1230 1227 1229 1231
1231 1227 1232 1236 1238 1239
1232 1233 1236 1238 1239
1233 1234 1235 1236 1238 1239
1236 1235 1237 1238
1238 1227 1237 1239
1239 1227 1240 1241 1242 1243 1244 1245 1246 1247 1248 1249 1250 1251 1252 1253 1254 1255 1256 1257 1258 1259 1260 1266 1267 1268 1269 1270 1271 1272 1273 1274 1275 1276 1277 1279 1280 1281 1282 1283 1284 1285 1287 1289 1290 1291 1292 1293 1294 1295 1296 1297 1298 1299 1301 1303 1304 1309 1310 1311 1318 1321 1366 1410 1412 1413 1415 1417 1698
1253 1250 1252 1254
1254 1250 1251 1252 1255 1257 1258 1260
1255 1256 1257 1258 1260
1256 1257 1258
1257 1258
1258 1240 1250 1259 1260
1259 1260
1260 1240 1242 1250 1251 1252 1261 1262 1263 1264 1265 1266 1267 1268 1269 1271 1273 1274 1275 1277 1283 1284 1285 1292 1296 1297 1298 1299 1301 1304 1310 1311 1318 1321
1263 1262 1264 1265 1266 1267 1274 1301 1304 1310 1311 1318 1321
1264 1262 1265 1266 1267 1311 1318 1321
1265 1262 1266 1267 1321
1266 1261 1262 1267
1267 1261 1262 1268 1273 1274 1304 1310 1311 1318 1321
1268 1261 1262 1269 1271 1273 1274 1311 1318 1321
1269 1270 1271 1273 1274 1318 1321
1270 1271 1273 1274
1271 1272 1273 1274
1272 1273 1274
1273 1261 1262 1274
1274 1261 1262 1275 1277 1284 1285 1301 1304 1310 1311 1318 1321
1275 1276 1277 1285 1301 1304 1310 1311 1318 1321
1276 1277 1311 1318 1321
1277 1278 1279 1280 1281 1282 1283 1284 1285 1301 1304 1311 1318 1321
1279 1278 1280 1281 1282 1284 1285 1311 1318 1321
1280 1281 1282 1284 1285 1318 1321
1281 1282 1284 1285
1282 1283 1284 1285
1283 1284
1284 1261 1285
1285 1261 1262 1286 1287 1289 1290 1291 1292 1297 1301 1304 1311 1318 1321
1287 1286 1288 1289 1290 1291 1292 1297 1301 1304 1311 1318 1321
1288 1289 1290 1291 1292 1301 1304 1311 1318 1321
1289 1290 1291 1292 1301 1304 1311 1318 1321
1290 1291 1292 1304 1311 1318 1321
1291 1292 1311 1318 1321
1292 1293 1294 1295 1296 1297 1301 1304 1311 1318 1321
1293 1294 1295 1296 1297 1301 1304 1311 1318 1321
1294 1295 1297 1301 1311 1318 1321
1295 1296 1297 1318 1321
1296 1297
1297 1261 1298 1299 1301 1318 1321
1298 1299 1301
1299 1300 1301
1301 1261 1262 1286 1300 1302 1303 1304 1311 1318 1321
1303 1302 1304
1304 1261 1262 1286 1305 1308 1309 1310 1311 1318 1321
1305 1306 1307 1308 1309 1310 1311 1318 1321
1308 1306 1307 1309 1310 1311
1309 1306 1310 1311
1310 1261 1262 1306 1311
1311 1261 1262 1286 1306 1307 1312 1317 1318 1321
1317 1312 1313 1314 1315 1316 1318
1318 1240 1261 1262 1286 1312 1313 1314 1315 1316 1319 1320 1321
1321 1240 1261 1262 1286 1319 1320 1322 1323 1324 1325 1326 1329 1332 1337 1338 1340 1358 1366 1413 1415 1417
1332 1326 1327 1329 1330 1331 1333 1334 1335 1336 1337 1338 1366 1417
1337 1333 1336 1338
1338 1333 1334 1336 1339 1340 1358 1366 1417
1340 1339 1341 1346 1351 1352 1353 1354 1355 1356 1357 1358 1366 1417
1352 1341 1346 1347 1349 1351 1353 1354 1355 1356 1357 1358
1353 1341 1346 1354 1356 1358
1354 1341 1346 1355 1356 1358
1355 1341 1346 1356 1358
1356 1341 1346 1347 1349 1357 1358
1357 1341 1346 1347 1349 1358
1358 1341 1343 1346 1347 1349 1351 1359 1366
1359 1360 1361 1364 1365 1366
1365 1361 1364 1366
1366 1326 1341 1343 1346 1347 1348 1349 1351 1360 1361 1362 1363 1364 1367 1368 1369 1370 1371 1372 1373 1374 1376 1383 1384 1385 1386 1387 1388 1389 1391 1396 1397 1398 1399 1401 1404 1405 1410 1412 1413 1415 1417
1389 1376 1377 1380 1381 1382 1383 1384 1385 1386 1387 1388 1390 1391 1396 1397 1399 1401 1404 1405 1410 1412 1413 1415 1417
1391 1390 1392 1393 1394 1395 1396 1397 1401 1404 1405 1410 1413 1415 1417
1395 1392 1393 1394 1396 1417
1396 1392 1393 1394 1397 1410 1413 1417
1397 1376 1392 1393 1398 1399 1401 1404 1405 1410 1413 1417
1398 1399 1401 1405 1410 1413 1417
1399 1376 1400 1401 1405 1410 1413 1417
1401 1376 1400 1402 1403 1404 1405 1410 1413 1417
1403 1402 1404 1405 1417
1404 1376 1402 1405
1405 1376 1392 1402 1406 1407 1409 1410 1417
1409 1406 1407 1408 1410
1410 1376 1377 1380 1381 1392 1393 1394 1402 1406 1407 1408 1411 1412 1413 1417
1412 1376 1377 1380 1381 1411 1413 1417
1413 1376 1377 1380 1381 1382 1392 1393 1394 1411 1414 1415 1417
1415 1367 1376 1377 1380 1381 1382 1414 1416 1417
1417 1326 1341 1367 1376 1377 1378 1380 1381 1382 1383 1384 1385 1390 1392 1393 1394 1400 1402 1406 1411 1416 1418 1419 1420 1421 1422 1423 1424 1425 1426 1427 1428 1429 1516 1522 1531 1532 1630 1637 1641 1642 1698
1429 1418 1419 1420 1421 1423 1424 1425 1426 1427 1428 1430 1431 1432 1433 1434 1435 1436 1441 1463 1464 1465 1473 1489 1490 1508 1509 1515 1516 1522 1531 1532 1630 1637 1641 1642 1698
1473 1441 1442 1443 1464 1465 1466 1468 1469 1470 1471 1472 1474 1475 1476 1477 1478 1479 1480 1481 1482 1483 1487 1489 1490 1516 1522 1532
1489 1474 1475 1483 1484 1485 1487 1488 1490
1490 1441 1442 1474 1475 1476 1478 1483 1484 1485 1487 1488 1491 1492 1498 1499 1504 1505 1507 1508 1509 1515 1516 1522 1532
1508 1492 1493 1498 1499 1500 1501 1502 1503 1504 1505 1506 1507 1509 1516 1522 1532
1509 1492 1510 1514 1515 1516 1532
1515 1441 1492 1510 1511 1512 1513 1514 1516
1516 1441 1442 1443 1492 1493 1494 1495 1498 1499 1500 1501 1510 1511 1512 1513 1517 1518 1519 1520 1521 1522 1532
1522 1441 1442 1443 1492 1493 1494 1495 1498 1499 1500 1501 1517 1518 1519 1520 1521 1523 1528 1529 1531 1532
1531 1523 1524 1525 1526 1528 1529 1530 1532
1532 1441 1442 1443 1464 1492 1493 1494 1495 1498 1499 1500 1501 1523 1524 1525 1526 1528 1529 1530 1533 1534 1535 1536 1537 1538 1539 1540 1541 1543 1545 1546 1550 1551 1553 1560 1561 1562 1578 1587 1588 1589 1599 1600 1603 1614 1624 1630 1637 1641 1642 1698
1578 1562 1563 1567 1568 1569 1573 1574 1576 1577 1579 1580 1581 1582 1583 1584 1586 1587 1642
1587 1553 1562 1563 1564 1567 1568 1569 1573 1579 1580 1581 1582 1583 1584 1586 1588 1589 1599 1600 1603 1630 1642
1588 1589 1599 1600 1603 1630 1642
1589 1590 1591 1592 1593 1594 1596 1598 1599 1600 1603 1630 1642
1596 1590 1594 1595 1597 1598 1599 1600 1603
1598 1597 1599
1599 1553 1600
1600 1553 1562 1601 1602 1603
1602 1601 1603
1603 1553 1562 1563 1564 1604 1605 1606 1609 1610 1613 1614 1630 1642
1613 1604 1605 1606 1607 1610 1611 1612 1614
1614 1553 1604 1605 1606 1607 1610 1615 1616 1618 1619 1620 1621 1623 1624 1630 1642
1624 1615 1616 1617 1621 1622 1623 1625 1627 1628 1629 1630
1630 1553 1562 1563 1564 1567 1568 1604 1605 1615 1616 1617 1618 1621 1625 1626 1627 1628 1629 1631 1632 1633 1634 1636 1637 1642
1637 1553 1562 1563 1564 1567 1631 1632 1633 1636 1638 1639 1640 1641 1642
1641 1441 1553 1562 1563 1564 1567 1638 1639 1640 1642
1642 1441 1442 1551 1553 1560 1562 1563 1564 1567 1568 1569 1573 1574 1576 1604 1605 1606 1615 1616 1617 1631 1632 1638 1639 1640 1643 1656 1662 1664 1665 1666 1667 1668 1687 1690 1692 1697 1698
1692 1643 1668 1669 1670 1687 1688 1690 1691 1693 1694 1695 1697 1698
1697 1643 1644 1668 1669 1670 1687 1693 1694 1695 1696 1698
1698 1441 1442 1443 1551 1553 1560 1562 1643 1644 1647 1648 1656 1668 1669 1670 1671 1672 1675 1680 1682 1683 1687 1688 1690 1693 1694 1695 1696 1699
1208 1209
1209
1219 1220 1221
1220 1221
1221
1227 1228 1229
1228 1229
1229
1234 1235
1235
1237
1240 1241 1242 1245 1246 1247 1249 1250
1241 1242
1242 1243 1244 1245 1246 1247 1250
1243 1244
1244 1245 1246 1247
1245 1246 1247
1246 1247
1247 1248 1249 1250
1248 1249 1250
1249 1250
1250 1251 1252
1251 1252
1252
1261 1262
1262
1278
1286
1300
1302
1306 1307
1307
1312 1313 1314 1315 1316
1313 1314 1315 1316
1314 1315
1315 1316
1316
1319 1320
1320
1322 1323 1324 1325 1326
1323 1324 1325
1324 1325
1325 1326
1326 1327 1329
1329 1327 1328 1330 1331
1327 1328
1328
1330 1331
1331
1333 1334 1335 1336
1334 1335 1336
1335 1336
1336
1339
1341 1342 1343 1345 1346 1351
1346 1343 1344 1345 1347 1348 1349 1351
1351 1349 1350
1342 1343
1343 1344 1345
1345 1344
1344
1347 1348 1349
1348 1349
1349 1350
1350
1360 1361
1361 1362 1363 1364
1364 1362 1363
1362 1363
1363
1367 1368 1369 1370 1371 1372 1376
1368 1369 1372
1369 1370 1371 1372
1370 1371 1372
1371 1372
1372 1373 1374 1376
1373 1374 1376
1374 1375 1376
1376 1375 1377 1378 1379 1380 1381 1382 1383 1384 1385 1387
1383 1380 1381 1382 1384 1387
1384 1380 1381 1385 1387
1385 1386 1387
1386 1387
1387 1377 1380 1381 1388
1388
1375
1377 1378 1379 1380
1378 1379 1380
1379 1380
1380 1381
1381 1382
1382
1390
1392 1393 1394
1393 1394
1394
1400
1402
1406 1407
1407 1408
1408
1411
1414
1416
1418 1419 1420 1421 1422 1423 1427
1419 1420 1421 1422 1423
1420 1421 1422 1423
1421 1422 1423
1422 1423
1423 1424 1425 1426 1427
1424 1425 1426 1427
1425 1426 1427
1426 1427
1427 1428
1428
1430 1431 1432 1433 1434 1435 1436
1431 1432 1433 1434 1435 1436
1432 1433 1436
1433 1434 1435 1436
1434 1435 1436
1435 1436
1436 1437 1438 1439 1440 1441
1441 1437 1438 1439 1440 1442 1443 1446 1447 1448 1449 1450 1452 1453 1460 1461 1463 1464
1463 1442 1443 1453 1456 1457 1458 1459 1461 1462 1464
1464 1442 1443 1449 1453 1456 1457 1458 1459 1461 1465
1465 1466 1467 1468 1469 1470 1471 1472
1437 1438 1439 1440
1438 1439
1439 1440
1440
1442 1443 1447 1448 1449 1452 1453 1461
1443 1444 1445 1446 1447 1448 1449 1452 1453
1446 1445 1447 1448
1447 1444 1445 1448
1448 1444 1445 1449
1449 1444 1445 1450 1452 1453
1450 1451 1452 1453
1452 1451 1453
1453 1454 1455 1456 1459 1460 1461
1460 1456 1457 1459 1461
1461 1456 1457 1458 1459 1462
1444 1445
1445
1451
1454 1455
1455 1456
1456 1457 1458 1459
1459 1457 1458
1457 1458
1458
1462
1466 1467 1468 1472
1467 1468
1468 1469 1470 1471 1472
1469 1470 1471 1472
1470 1471 1472
1471 1472
1472
1474 1475 1482 1483
1475 1476 1478 1480 1481 1482 1483
1476 1477 1478 1480 1481 1482 1483
1477 1478
1478 1479 1480 1481 1482 1483
1479 1480 1483
1480 1481 1482 1483
1481 1482 1483
1482 1483
1483 1484 1485 1486 1487
1487 1484 1485 1486 1488
1484 1485
1485 1486
1486
1488
1491 1492
1492 1493 1494 1495 1497 1498 1499 1505 1507
1498 1493 1494 1495 1496 1497 1499 1507
1499 1500 1501 1502 1503 1504 1505 1507
1504 1500 1501 1502 1503 1505 1507
1505 1506 1507
1507 1500 1501 1506
1493 1494 1495
1494 1495
1495 1496 1497
1497 1496
1496
1500 1501 1503
1501 1502 1503
1502 1503
1503
1506
1510 1511 1512 1514
1514 1511 1512 1513
1511 1512
1512 1513
1513
1517 1518 1519 1520 1521
1518 1519 1520 1521
1519 1520
1520 1521
1521
1523 1524 1525 1526 1527 1528 1529
1528 1524 1526 1527 1529
1529 1530
1524 1525 1526
1525 1526
1526 1527
1527
1530
1533 1534 1536 1537 1541
1534 1535 1536 1537 1541
1535 1536 1537 1541
1536 1537
1537 1538 1539 1540 1541
1538 1539 1541
1539 1540 1541
1540 1541
1541 1542 1543 1545 1546 1550 1551
1543 1542 1544 1545 1546 1550 1551
1545 1544 1546 1550 1551
1546 1544 1547 1548 1549 1550 1551
1550 1544 1547 1548 1549 1551
1551 1542 1544 1547 1552 1553
1553 1552 1554 1555 1560 1561 1562
1560 1555 1556 1557 1558 1559 1561 1562
1561 1562
1562 1563 1564 1565 1566 1567 1572 1573 1574 1575 1576
1542
1544
1547 1548 1549
1548 1549
1549
1552
1554 1555
1555 1556 1557 1558 1559
1556 1557 1558
1557 1558
1558 1559
1559
1563 1564 1566 1567 1576
1564 1565 1566 1567
1565 1566
1566 1567
1567 1568 1569 1570 1571 1572 1573 1574 1575 1576
1572 1568 1569 1570 1571 1573
1573 1568 1569 1570 1571 1574 1576
1574 1568 1575 1576
1575 1576
1576 1568 1569 1577
1568 1569 1570 1571
1569 1570 1571
1570 1571
1571
1577
1579 1580 1582 1583 1584
1580 1581 1582 1583 1584
1581 1582
1582 1583 1584
1583 1584
1584 1585 1586
1586 1585
1585
1590 1591 1592 1594
1591 1592 1594
1592 1593 1594
1593 1594
1594 1595
1595
1597
1601
1604 1605
1605 1606 1610
1606 1607 1609 1610
1609 1607 1608 1610
1610 1607 1611 1612
1607 1608
1608
1611 1612
1612
1615 1616 1621
1616 1617 1618 1619 1620 1621
1618 1617 1619 1620 1621
1619 1617 1620 1621
1620 1617 1621
1621 1617 1622 1623
1623 1622
1617
1622
1625 1626 1627 1628
1627 1626 1628
1628 1626 1629
1629
1626
1631 1632 1633 1636
1632 1633 1636
1633 1634 1636
1634 1635 1636
1636 1635
1635
1638 1639 1640
1639 1640
1640
1643 1644 1646 1647 1648 1651 1652 1654 1655 1656 1664 1665 1666 1667 1668 1687 1690
1656 1644 1647 1648 1652 1653 1654 1655 1657 1658 1659 1660 1662 1664 1665 1666 1667 1668
1662 1657 1658 1659 1660 1661 1663 1664 1667 1668
1664 1663 1665 1666 1667 1668
1665 1666 1667
1666 1667
1667 1644 1647 1657 1658 1659 1660 1668
1668 1644 1647 1648 1657 1658 1659 1660 1669 1670 1671 1672 1673 1674 1675 1676 1678 1679 1680 1682 1687 1690
1687 1669 1670 1680 1682 1683 1684 1685 1686 1688 1690
1690 1688 1689 1691
1644 1645 1646 1647 1648 1652 1654
1646 1645 1647
1647 1648 1652 1654
1648 1649 1650 1651 1652 1654
1651 1649 1650 1652
1652 1649 1650 1653 1654
1654 1653 1655
1655
1645
1649 1650
1650
1653
1657 1658
1658 1659
1659 1660
1660 1661
1661
1663
1669 1670 1679 1680
1670 1671 1672 1674 1675 1679 1680
1671 1672 1674 1675 1680
1672 1673 1674 1675 1680
1673 1674
1674 1675
1675 1676 1678 1679 1680
1676 1677 1678 1679 1680
1678 1677 1679 1680
1679 1677 1680
1680 1677 1681 1682
1682 1681 1683 1684
1677
1681
1683 1684
1684 1685 1686
1685 1686
1686
1688 1689
1689
1691
1693 1694 1695
1694 1695
1695 1696
1696
1699
