#fractalVisibilityGraph_multifractal.py
# GMT Thu Dec 10 23:13:53 2020
# 
0 1
1 2 5
2 3 5
5 3 4 6 7 8 11
3 4
4
6 7
7 8
8 9 10 11
11 9 10 12 64 65 99 291
9 10
10
12 13 14 15 17 18 19 20 21 22 23 28 29 30 31 34 35 36 37 41 47 48 54 55 64 65 99 291
64 15 17 23 37 41 48 55 57 58 59 60 61 62 63 65
65 15 17 18 23 31 37 41 42 48 49 51 55 56 57 58 59 60 61 62 63 66 67 68 69 70 71 72 73 74 75 76 79 80 99
99 80 82 86 90 91 92 94 95 96 97 98 100 101 102 104 105 106 107 109 110 112 113 114 115 117 120 125 226 291
291 125 127 155 226 228 233 239 240 269 270 271 272 273 274 275 276 278 279 281 282 283 284 285 287 289 290 292 293 294 295 297 298 299 303 308 314 316 317 322 328 339 340 341 342 345 356 357 389 391 393 395 396 476 481
13 14
14 15
15 16 17 20 21 23 31 34 35 36 37 48 55
17 16 18 19 20 21 23 36 37 48 55
18 19 23
19 20 21 23
20 21 23
21 22 23
22 23
23 24 25 26 27 28 29 30 31 34 35 36 37 48 55
28 26 27 29 31
29 26 27 30 31
30 26 27 31
31 24 26 27 32 33 34 37
34 32 33 35 36 37
35 36 37
36 37
37 32 38 39 40 41 48 55
41 38 39 40 42 44 45 46 47 48 55
47 42 44 45 46 48
48 42 44 45 46 49 50 51 52 54 55
54 51 52 53 55
55 49 51 52 56 57 58 60 61 62 63
16
24 25 26
25 26
26 27
27
32 33
33
38 39 40
39 40
40
42 43 44 45 46
44 43 45
45 46
46
43
49 50 51
50 51
51 52
52 53
53
56 57
57 58 61 62 63
58 59 60 61 62 63
60 59 61 62
61 62
62 63
63
59
66 67
67 68
68 69 71 72 73 74 75 76 80
69 70 71 72 73 75 76 80
70 71 72 73 76
71 72 73 76
72 73
73 74 75 76
74 75 76
75 76
76 77 78 79 80
79 77 78 80
80 77 78 81 82 86 94
77 78
78
81 82
82 83 86
86 83 84 85 87 88 89 90 94
94 90 91 92 93 95 96
83 84 85
84 85
85
87 88 89 90
88 89 90
89 90
90 91 92
91 92
92 93
93
95 96
96 97 98
97 98
98
100 101 104 105 106 107 109 110 113 114 115 117 120
101 102 104 105 110 114 115 117 120
102 103 104 105
104 103 105
105 103 106 107 110 114 115 117 120
106 107 110 114 115 117 120
107 108 109 110 114 115 117 120
109 108 110
110 108 111 112 113 114 115 120
112 111 113 114
113 111 114
114 111 115
115 111 116 117 120
117 116 118 119 120
120 108 111 118 119 121 123 125
125 121 122 123 124 126 127 129 131 138 139 140 141 144 146 147 150 152 155 209 212 226
226 155 157 158 162 167 169 171 180 183 184 185 193 209 212 213 218 219 220 222 223 224 225 227 228 233 239 258 260 262 263 265 266 267 269
103
108
111
116
118 119
119
121 122 123
123 122 124
122
124
126 127
127 128 129 131 139 140 141 144 146 147 150 152 155
129 128 130 131 155
131 130 132 133 135 136 137 138 139 140 141 144 147 152 155
138 133 135 136 137 139
139 133 135 136 137 140
140 133 135 136 137 141 144 155
141 133 142 144 155
144 133 135 142 143 145 146 147 155
146 145 147 155
147 148 149 150 152 155
150 148 149 151 152 155
152 151 153 154 155
155 133 135 136 148 151 153 154 156 157 162 164 167 169 171 176 177 178 180 193 201 202 204 207 208 209 212
209 157 158 162 167 169 180 183 184 185 193 204 206 207 208 210 212
212 210 211 213 215 217 218 219 222 223 224
128
130
132 133
133 134 135 137
135 134 136 137
136 137
137
134
142 143
143
145
148 149
149
151
153 154
154
156 157
157 158 160 161 162 164 167 169 171 176 177 178 180 202 204 207 208
162 158 160 161 163 164 167 169 180 204 207 208
164 163 165 166 167
167 158 163 165 166 168 169 180 207 208
169 158 168 170 171 176 177 178 180 207 208
171 170 172 175 176 177 178 180
176 172 175 177 178
177 172 178
178 158 172 175 179 180
180 158 172 179 181 182 183 184 185 193 201 202 204 207 208
193 184 185 186 187 189 191 192 194 195 199 200 201 202 204
201 194 195 196 198 200 202
202 158 183 184 185 194 195 196 203 204
204 158 183 184 185 194 203 205 206 207 208
207 158 206 208
208 158
158 159 160
160 159 161
161
159
163
165 166
166
168
170
172 173 174 175
175 173 174
173 174
174
179
181 182 183
182 183
183 184
184 185
185 186 191 192
186 187 189 191 192
191 187 189 190 192
192 187 189
187 188 189
189 188 190
188
190
194 195 199 200
195 196 198 199 200
199 196 198 200
200 196 198
196 197 198
198 197
197
203
205 206
206
210 211
211
213 214 215 217 218 219
215 214 216 217 218
217 216 218
218 219
219 220 222 223 224
222 220 221 223
223 220 224
224 220 225
214
216
220 221
221
225
227 228
228 229 230 231 233 265 266 267 269
233 229 230 231 232 234 235 236 237 238 239 263 265 266 267 269
239 234 236 237 238 240 241 242 243 244 245 246 247 248 249 251 254 257 258 260 263 265 266 267 269
258 251 254 255 256 257 259 260 265 266 267
260 240 251 252 254 255 259 261 262 263 265 266 267
262 261 263
263 240 244 251 252 254 255 261 264 265 267
265 240 243 244 245 248 251 252 254 255 256 257 261 264 266 267
266 240 243 244 245 246 248 249 251 252 254 255 256 257 261 267
267 240 243 244 245 246 248 249 251 252 254 255 256 257 261 268 269
269 240 243 244 245 246 248 249 251 252 254 255 256 268 270 271 272 273 274 275 276 277 278 282 285 287 289 290
229 230 231
230 231
231 232
232
234 235 236
235 236
236 237 238
237 238
238
240 241 242 243 244 246 247 248 249 251
241 242 243
242 243
243 244
244 245 246 247 248 251
245 246 247 248 251
246 247 248
247 248
248 249 251
249 250 251
251 250 252 254 257
254 252 253 255 256 257
257 255 256
250
252 253
253
255 256
256
259
261
264
268
270 271 273 274 275 276 277 278 287 289 290
271 272 273 274 275 276 277 278 289 290
272 273
273 274 275 276 277 278
274 275 276 278
275 276 278
276 277 278
277 278
278 279 282 285 287 289 290
282 279 281 283 284 285 287 289 290
285 279 284 286 287
287 279 281 283 284 286 288 289
289 279 281 283 284 288 290
290 279 281
279 280 281
280 281
281
283 284
284
286
288
292 293 295 299
293 294 295 299
294 295
295 296 297 299
297 296 298 299
298 299
299 300 301 302 303 308 314 317 328 342 345 356 357 395 396 481
303 300 301 302 304 305 307 308 317 328 345 356 357 395 396
308 300 301 304 305 306 307 309 310 311 312 313 314 317 328 345 356 357 395 396
314 300 301 309 310 311 312 313 315 316 317 356 357 396
316 315 317
317 300 301 318 322 328 356 357
322 318 319 320 321 323 324 325 327 328
328 300 301 318 325 326 327 329 330 331 332 336 338 339 340 341 342 345 356 357
339 332 333 334 336 337 338 340 342
340 332 333 334 336 337 338 341 342
341 332 342
342 300 301 332 333 334 336 337 338 343 344 345
345 300 301 332 333 334 343 344 346 350 354 355 356 357
356 300 301 332 346 350 351 352 353 354 355 357
357 300 301 332 346 350 358 359 360 361 362 363 364 365 366 369 370 371 372 376 377 378 379 380 381 383 384 385 386 388 389 391 393 395 396
389 362 372 373 376 377 378 379 381 382 383 384 385 386 387 388 390 391 393 395
391 362 363 372 373 376 377 378 379 380 381 382 383 384 385 390 392 393 395
393 362 363 364 366 372 373 376 377 378 379 380 381 382 383 384 385 386 392 394 395
395 300 301 358 362 363 364 365 366 372 373 376 377 378 379 380 381 382 383 384 385 386 387 390 394 396
396 300 301 358 362 363 364 365 366 372 373 376 377 397 398 399 400 401 403 406 407 417 418 423 425 446 449 460 476 481
476 407 418 425 426 430 449 451 454 460 461 462 463 464 465 466 469 471 472 473 475 477 478 480 481
481 407 418 425 426 430 449 451 454 460 461 478 480 482 483 484 485 487 489 491 492 495 496 497 499
296
300 301
301 302
302
304 305 307
305 306 307
307 306
306
309 310 311 312 313
310 311 313
311 312 313
312 313
313
315
318 319 320
319 320
320 321
321
323 324 325
324 325
325 326 327
327 326
326
329 330
330 331 332
331 332
332 333 334 336 338
336 333 334 335 337 338
338 333 337
333 334
334 335
335
337
343 344
344
346 347 348 349 350 354 355
350 347 349 351 352 353 354 355
354 351 353 355
355
347 348 349
348 349
349
351 352 353
352 353
353
358 359 362
359 360 361 362
360 361 362
361 362
362 363 364 365 366 372
363 364 366 372
364 365 366 372
365 366
366 367 368 369 371 372
369 367 368 370 371 372
370 371 372
371 372
372 367 373 375 376 377 380 381 383 384 385 388
376 373 374 375 377 384 385
377 373 378 379 380 381 384 385
378 379 380 381 385
379 380 381
380 381
381 373 382 383 384 385
383 382 384 385
384 373 385
385 373 386 388
386 387 388
388 387
367 368
368
373 374 375
375 374
374
382
387
390
392
394
397 398
398 399 400 401 407
399 400 401
400 401
401 402 403 407
403 402 404 405 406 407
406 404 405 407
407 402 404 405 408 409 410 411 413 414 416 417 418
417 408 409 411 412 413 414 416 418
418 408 409 410 411 412 413 414 416 419 421 422 423 425
423 419 420 421 422 424 425
425 424 426 427 428 429 430 436 437 443 446 449
446 430 437 438 439 440 441 443 444 445 447 448 449
449 426 430 431 432 437 438 439 440 441 447 448 450 451 453 454 457 460
460 451 454 457 458 459 461 465 466 468 469 471
402
404 405
405
408 409 410 411 414 416
409 410 411
410 411
411 412 413 414 416
413 412 414
414 412 415 416
416 415
412
415
419 420 421 422
421 420 422
422 420
420
424
426 427 429 430
427 428 429 430
428 429
429 430
430 431 432 435 436 437
436 432 433 435 437
437 431 432 438 439 440 441 443
443 438 441 442 444
431 432
432 433 435
435 433 434
433 434
434
438 439 440 441
439 440
440 441
441 442
442
444 445
445
447 448
448
450 451
451 452 453 454
453 452 454
454 455 456 457
457 455 456 458 459
452
455 456
456
458 459
459
461 462 463 464 465 466 468 469 471
465 462 463 464 466 468 469 471
466 467 468 469 471
468 467 469
469 462 467 470 471
471 462 470 472
462 463 464
463 464
464
467
470
472 473 475
473 474 475
475 474
474
477 478
478 479 480
480 479
479
482 483 485 487 491 492 495 496 497 499
483 484 485 487 492 496 497 499
484 485
485 486 487 499
487 486 488 489 491 492 496 497 499
489 488 490 491 499
491 488 490 492 499
492 488 493 494 495 496 497 499
495 493 494 496 497 499
496 497 499
497 498 499
499 488 493 494 498
486
488
490
493 494
494
498
