#fractalVisibilityGraph_multifractal.py
# GMT Thu Dec 10 23:14:13 2020
# 
0 1
1 2 5
2 3 5
5 3 4 6 7 8 11
3 4
4
6 7
7 8
8 9 10 11
11 9 10 12 64 65 99 291 536 584
9 10
10
12 13 14 15 17 18 19 20 21 22 23 28 29 30 31 34 35 36 37 41 47 48 54 55 64 65 99 291 536 584
64 15 17 23 37 41 48 55 57 58 59 60 61 62 63 65
65 15 17 18 23 31 37 41 42 48 49 51 55 56 57 58 59 60 61 62 63 66 67 68 69 70 71 72 73 74 75 76 79 80 99 536 584
99 80 82 86 90 91 92 94 95 96 97 98 100 101 102 104 105 106 107 109 110 112 113 114 115 117 120 125 226 291 536 584
291 125 127 155 226 228 233 239 240 269 270 271 272 273 274 275 276 278 279 281 282 283 284 285 287 289 290 292 293 294 295 297 298 299 303 308 314 316 317 322 328 339 340 341 342 345 356 357 389 391 393 395 396 476 481 536 584
536 125 299 300 301 303 308 314 317 318 328 357 396 407 418 425 426 430 431 432 437 449 481 482 483 499 500 501 504 506 508 510 511 513 515 516 517 518 519 520 521 523 524 525 528 529 531 532 533 534 535 537 538 539 540 541 542 543 544 546 547 548 549 550 551 552 553 554 555 556 557 558 559 561 562 564 565 566 570 571 572 581 582 584
584 120 125 538 539 540 541 544 545 546 547 548 549 550 551 552 554 555 558 559 561 562 566 567 568 570 572 574 575 576 577 578 579 581 582 583 585 587 588 589 590 591 592 593 594 595 596 599 600 601 602 603 605 606 608 609 610 611 613 615 618 628 629 630 632 634 644 654 657 661 662 664 667 668 669 674 675 679 680 693 695 698 699 700 702 704 706 709 710 711 712 715 717 718 719 728 729 730 740 741 750 758 759 762 763 774 775 819 821 822 823
13 14
14 15
15 16 17 20 21 23 31 34 35 36 37 48 55
17 16 18 19 20 21 23 36 37 48 55
18 19 23
19 20 21 23
20 21 23
21 22 23
22 23
23 24 25 26 27 28 29 30 31 34 35 36 37 48 55
28 26 27 29 31
29 26 27 30 31
30 26 27 31
31 24 26 27 32 33 34 37
34 32 33 35 36 37
35 36 37
36 37
37 32 38 39 40 41 48 55
41 38 39 40 42 44 45 46 47 48 55
47 42 44 45 46 48
48 42 44 45 46 49 50 51 52 54 55
54 51 52 53 55
55 49 51 52 56 57 58 60 61 62 63
16
24 25 26
25 26
26 27
27
32 33
33
38 39 40
39 40
40
42 43 44 45 46
44 43 45
45 46
46
43
49 50 51
50 51
51 52
52 53
53
56 57
57 58 61 62 63
58 59 60 61 62 63
60 59 61 62
61 62
62 63
63
59
66 67
67 68
68 69 71 72 73 74 75 76 80
69 70 71 72 73 75 76 80
70 71 72 73 76
71 72 73 76
72 73
73 74 75 76
74 75 76
75 76
76 77 78 79 80
79 77 78 80
80 77 78 81 82 86 94
77 78
78
81 82
82 83 86
86 83 84 85 87 88 89 90 94
94 90 91 92 93 95 96
83 84 85
84 85
85
87 88 89 90
88 89 90
89 90
90 91 92
91 92
92 93
93
95 96
96 97 98
97 98
98
100 101 104 105 106 107 109 110 113 114 115 117 120
101 102 104 105 110 114 115 117 120
102 103 104 105
104 103 105
105 103 106 107 110 114 115 117 120
106 107 110 114 115 117 120
107 108 109 110 114 115 117 120
109 108 110
110 108 111 112 113 114 115 120
112 111 113 114
113 111 114
114 111 115
115 111 116 117 120
117 116 118 119 120
120 108 111 118 119 121 123 125
125 121 122 123 124 126 127 129 131 138 139 140 141 144 146 147 150 152 155 209 212 226
226 155 157 158 162 167 169 171 180 183 184 185 193 209 212 213 218 219 220 222 223 224 225 227 228 233 239 258 260 262 263 265 266 267 269
103
108
111
116
118 119
119
121 122 123
123 122 124
122
124
126 127
127 128 129 131 139 140 141 144 146 147 150 152 155
129 128 130 131 155
131 130 132 133 135 136 137 138 139 140 141 144 147 152 155
138 133 135 136 137 139
139 133 135 136 137 140
140 133 135 136 137 141 144 155
141 133 142 144 155
144 133 135 142 143 145 146 147 155
146 145 147 155
147 148 149 150 152 155
150 148 149 151 152 155
152 151 153 154 155
155 133 135 136 148 151 153 154 156 157 162 164 167 169 171 176 177 178 180 193 201 202 204 207 208 209 212
209 157 158 162 167 169 180 183 184 185 193 204 206 207 208 210 212
212 210 211 213 215 217 218 219 222 223 224
128
130
132 133
133 134 135 137
135 134 136 137
136 137
137
134
142 143
143
145
148 149
149
151
153 154
154
156 157
157 158 160 161 162 164 167 169 171 176 177 178 180 202 204 207 208
162 158 160 161 163 164 167 169 180 204 207 208
164 163 165 166 167
167 158 163 165 166 168 169 180 207 208
169 158 168 170 171 176 177 178 180 207 208
171 170 172 175 176 177 178 180
176 172 175 177 178
177 172 178
178 158 172 175 179 180
180 158 172 179 181 182 183 184 185 193 201 202 204 207 208
193 184 185 186 187 189 191 192 194 195 199 200 201 202 204
201 194 195 196 198 200 202
202 158 183 184 185 194 195 196 203 204
204 158 183 184 185 194 203 205 206 207 208
207 158 206 208
208 158
158 159 160
160 159 161
161
159
163
165 166
166
168
170
172 173 174 175
175 173 174
173 174
174
179
181 182 183
182 183
183 184
184 185
185 186 191 192
186 187 189 191 192
191 187 189 190 192
192 187 189
187 188 189
189 188 190
188
190
194 195 199 200
195 196 198 199 200
199 196 198 200
200 196 198
196 197 198
198 197
197
203
205 206
206
210 211
211
213 214 215 217 218 219
215 214 216 217 218
217 216 218
218 219
219 220 222 223 224
222 220 221 223
223 220 224
224 220 225
214
216
220 221
221
225
227 228
228 229 230 231 233 265 266 267 269
233 229 230 231 232 234 235 236 237 238 239 263 265 266 267 269
239 234 236 237 238 240 241 242 243 244 245 246 247 248 249 251 254 257 258 260 263 265 266 267 269
258 251 254 255 256 257 259 260 265 266 267
260 240 251 252 254 255 259 261 262 263 265 266 267
262 261 263
263 240 244 251 252 254 255 261 264 265 267
265 240 243 244 245 248 251 252 254 255 256 257 261 264 266 267
266 240 243 244 245 246 248 249 251 252 254 255 256 257 261 267
267 240 243 244 245 246 248 249 251 252 254 255 256 257 261 268 269
269 240 243 244 245 246 248 249 251 252 254 255 256 268 270 271 272 273 274 275 276 277 278 282 285 287 289 290
229 230 231
230 231
231 232
232
234 235 236
235 236
236 237 238
237 238
238
240 241 242 243 244 246 247 248 249 251
241 242 243
242 243
243 244
244 245 246 247 248 251
245 246 247 248 251
246 247 248
247 248
248 249 251
249 250 251
251 250 252 254 257
254 252 253 255 256 257
257 255 256
250
252 253
253
255 256
256
259
261
264
268
270 271 273 274 275 276 277 278 287 289 290
271 272 273 274 275 276 277 278 289 290
272 273
273 274 275 276 277 278
274 275 276 278
275 276 278
276 277 278
277 278
278 279 282 285 287 289 290
282 279 281 283 284 285 287 289 290
285 279 284 286 287
287 279 281 283 284 286 288 289
289 279 281 283 284 288 290
290 279 281
279 280 281
280 281
281
283 284
284
286
288
292 293 295 299
293 294 295 299
294 295
295 296 297 299
297 296 298 299
298 299
299 300 301 302 303 308 314 317 328 342 345 356 357 395 396 481
303 300 301 302 304 305 307 308 317 328 345 356 357 395 396
308 300 301 304 305 306 307 309 310 311 312 313 314 317 328 345 356 357 395 396
314 300 301 309 310 311 312 313 315 316 317 356 357 396
316 315 317
317 300 301 318 322 328 356 357
322 318 319 320 321 323 324 325 327 328
328 300 301 318 325 326 327 329 330 331 332 336 338 339 340 341 342 345 356 357
339 332 333 334 336 337 338 340 342
340 332 333 334 336 337 338 341 342
341 332 342
342 300 301 332 333 334 336 337 338 343 344 345
345 300 301 332 333 334 343 344 346 350 354 355 356 357
356 300 301 332 346 350 351 352 353 354 355 357
357 300 301 332 346 350 358 359 360 361 362 363 364 365 366 369 370 371 372 376 377 378 379 380 381 383 384 385 386 388 389 391 393 395 396
389 362 372 373 376 377 378 379 381 382 383 384 385 386 387 388 390 391 393 395
391 362 363 372 373 376 377 378 379 380 381 382 383 384 385 390 392 393 395
393 362 363 364 366 372 373 376 377 378 379 380 381 382 383 384 385 386 392 394 395
395 300 301 358 362 363 364 365 366 372 373 376 377 378 379 380 381 382 383 384 385 386 387 390 394 396
396 300 301 358 362 363 364 365 366 372 373 376 377 397 398 399 400 401 403 406 407 417 418 423 425 446 449 460 476 481
476 407 418 425 426 430 449 451 454 460 461 462 463 464 465 466 469 471 472 473 475 477 478 480 481
481 407 418 425 426 430 449 451 454 460 461 478 480 482 483 484 485 487 489 491 492 495 496 497 499 535
296
300 301
301 302
302
304 305 307
305 306 307
307 306
306
309 310 311 312 313
310 311 313
311 312 313
312 313
313
315
318 319 320
319 320
320 321
321
323 324 325
324 325
325 326 327
327 326
326
329 330
330 331 332
331 332
332 333 334 336 338
336 333 334 335 337 338
338 333 337
333 334
334 335
335
337
343 344
344
346 347 348 349 350 354 355
350 347 349 351 352 353 354 355
354 351 353 355
355
347 348 349
348 349
349
351 352 353
352 353
353
358 359 362
359 360 361 362
360 361 362
361 362
362 363 364 365 366 372
363 364 366 372
364 365 366 372
365 366
366 367 368 369 371 372
369 367 368 370 371 372
370 371 372
371 372
372 367 373 375 376 377 380 381 383 384 385 388
376 373 374 375 377 384 385
377 373 378 379 380 381 384 385
378 379 380 381 385
379 380 381
380 381
381 373 382 383 384 385
383 382 384 385
384 373 385
385 373 386 388
386 387 388
388 387
367 368
368
373 374 375
375 374
374
382
387
390
392
394
397 398
398 399 400 401 407
399 400 401
400 401
401 402 403 407
403 402 404 405 406 407
406 404 405 407
407 402 404 405 408 409 410 411 413 414 416 417 418
417 408 409 411 412 413 414 416 418
418 408 409 410 411 412 413 414 416 419 421 422 423 425
423 419 420 421 422 424 425
425 424 426 427 428 429 430 436 437 443 446 449
446 430 437 438 439 440 441 443 444 445 447 448 449
449 426 430 431 432 437 438 439 440 441 447 448 450 451 453 454 457 460
460 451 454 457 458 459 461 465 466 468 469 471
402
404 405
405
408 409 410 411 414 416
409 410 411
410 411
411 412 413 414 416
413 412 414
414 412 415 416
416 415
412
415
419 420 421 422
421 420 422
422 420
420
424
426 427 429 430
427 428 429 430
428 429
429 430
430 431 432 435 436 437
436 432 433 435 437
437 431 432 438 439 440 441 443
443 438 441 442 444
431 432
432 433 435
435 433 434
433 434
434
438 439 440 441
439 440
440 441
441 442
442
444 445
445
447 448
448
450 451
451 452 453 454
453 452 454
454 455 456 457
457 455 456 458 459
452
455 456
456
458 459
459
461 462 463 464 465 466 468 469 471
465 462 463 464 466 468 469 471
466 467 468 469 471
468 467 469
469 462 467 470 471
471 462 470 472
462 463 464
463 464
464
467
470
472 473 475
473 474 475
475 474
474
477 478
478 479 480
480 479
479
482 483 485 487 491 492 495 496 497 499
483 484 485 487 492 496 497 499
484 485
485 486 487 499
487 486 488 489 491 492 496 497 499
489 488 490 491 499
491 488 490 492 499
492 488 493 494 495 496 497 499
495 493 494 496 497 499
496 497 499
497 498 499
499 488 493 494 498 500 501 504 506 508 510 513 514 515 516 520 523 524 528 529 531 535
535 501 504 506 510 515 516 517 518 520 523 524 525 531 532 533 534
486
488
490
493 494
494
498
500 501
501 502 503 504 515 516 523 524 531
504 502 503 505 506 510 515 516 523 524 531
506 505 507 508 510 515 516 523 524 531
508 507 509 510
510 509 511 512 513 514 515 516 524 531
513 511 512 514 515
514 515
515 511 516 531
516 517 518 519 520 523 524 531
520 517 518 519 521 522 523 531
523 517 518 521 522 524 531
524 517 525 528 529 531
528 525 526 527 529 531
529 530 531
531 517 518 525 530 532 533 534
502 503
503
505
507
509
511 512
512
517 518
518 519
519
521 522
522
525 526 527
526 527
527
530
532 533 534
533 534
534
537 538
538 539 558 559 561 564 565 566 581 582
539 540 541 542 543 544 547 548 549 550 551 552 553 554 555 557 558 559 561 564 565 566 581 582
540 541 542 543 544 554 558 559 561 565 566 581 582
541 542 543 544 582
542 543 544
543 544
544 545 546 547 548 550 551 552 553 554 558 559 561 566 581 582
546 545 547 552 553 554 558 559 566 581 582
547 548 550 552 553 554 558 559 566 582
548 549 550 552 553 554 559 566 582
549 550 582
550 551 552 553 554 582
551 552 554
552 553 554
553 554
554 555 557 558 559 566 582
555 556 557 558 559 566 582
556 557 558
557 558
558 559 582
559 560 561 566 582
561 560 562 564 565 566
562 563 564 565 566
564 563 565 566
565 566
566 563 567 570 571 572 581 582
570 567 568 569 571 572 582
571 572
572 567 568 573 574 575 576 579 581 582
581 567 574 576 577 578 579 580 582
582 567 568 574 576 577 578 583
545
560
563
567 568
568 569
569
573 574
574 575 576
575 576
576 577 578 579
579 577 578 580
577 578
578
580
583
585 586 587 588 589 590 591 592 593 595 596 599 600 601 602 603 605 606 608 611 613 615 618 628 629 630 632 634 644 667 668 669 675 679 680 700 702 706 709 711 712 715 719 730 740 741 750 759 762 763 774 775 819 821 822 823
587 586 588 592 593
588 589 590 591 592 593
589 590
590 591 592 593
591 592 593
592 593
593 594 595 596 602 603 605 606 615 618
594 595 596
595 596
596 597 599 600 601 602 603 605 606 618
599 597 598 600 601 602
600 601 602
601 597 602
602 597 603 605 606
603 604 605 606
605 597 604 606
606 597 607 608 611 613 615 618
608 607 609 610 611 613 615 618
609 610 611 615 618
610 611
611 612 613 615 618
613 612 614 615 618
615 614 616 618
618 616 617 619 620 621 622 623 624 625 627 628 629 630 632 634 762 763 775 821 822 823
628 619 621 625 626 627 629
629 619 621 623 625 630 632 634
630 631 632 634
632 631 633 634
634 633 635 637 639 641 644 667 668 669 675 679 680 711 712 715 719 740 741 762 763 775 821 822 823
644 635 639 641 642 643 645 646 647 648 650 652 653 654 657 662 664 667 668 669 675 679 680 715 719 741 762 763 775 821 822 823
654 646 647 648 650 651 652 653 655 656 657 662 664 667 668 669 675 679 680 763 775 821 822 823
657 655 656 658 659 660 661 662 664 667 668 669 680 822 823
661 659 660 662
662 658 659 660 663 664 669
664 658 659 663 665 667 668 669
667 646 665 666 668 669
668 646 658 659 665 669
669 646 647 658 659 665 670 671 674 675 679 680 822 823
674 671 672 673 675
675 646 647 671 672 676 677 678 679 680
679 646 647 676 677 678 680
680 646 647 658 671 676 677 681 682 683 684 685 686 687 688 689 693 699 700 702 706 711 712 715 719 741 762 763 775 821 822 823
693 689 690 691 692 694 695 699 700 702 706 712 715 719 762 763 775 822 823
695 694 696 698 699 700 706 712 715 719 762 763 775 822 823
698 696 697 699 700
699 696 700
700 696 701 702 706 712 715 719 763 775 822 823
702 701 703 704 706 715 719 822 823
704 703 705 706
706 703 705 707 708 709 711 712 715 719 822 823
709 707 708 710 711 712 715 822 823
710 711 712
711 707 708 712
712 707 708 713 714 715
715 689 696 707 708 713 714 716 717 718 719 822 823
717 716 718 719
718 719
719 635 685 689 696 720 721 722 723 724 728 729 730 740 741 762 763 775 822 823
728 724 725 726 727 729 730
729 724 730
730 724 725 731 732 733 734 740 741 763 822 823
740 734 735 737 738 739 741
741 635 646 721 724 731 732 734 735 737 738 742 743 744 746 749 750 759 762 763 822 823
750 744 746 748 749 751 753 756 758 759 762 763
758 751 753 756 757 759 762
759 751 753 756 757 760 762
762 635 646 647 685 689 721 724 744 746 751 752 753 754 755 756 757 760 761 763
763 635 646 647 685 689 696 721 724 744 746 751 752 753 754 755 756 764 765 766 769 770 771 773 774 775 822 823
774 764 766 771 773 775
775 635 646 647 648 685 689 696 764 766 767 771 773 776 777 779 781 789 790 791 793 795 796 815 817 819 821 822 823
819 781 796 801 802 804 805 806 807 810 815 816 817 818 820 821 822
821 635 646 647 648 781 782 783 796 801 802 804 805 806 807 810 815 816 817 820 822
822 635 639 646 647 648 658 659 685 686 689 696 707 708 721 724 725 744 745 746 764 776 779 781 782 783 784 785 786 787 788 789 790 796 801 802 803 804 805 806 807 810 811 814 815 816 817 818 820 823
823 635 639 646 647 648 658 659 685 686 689 696 707 708 721 724 725 744 745 746 764 776 779 781 824 825 826 827 830 831 833 837 838 841 842 845 847 848 850 851 857 860 863 864 868
586
597 598
598
604
607
612
614
616 617
617
619 620 621 623 625
620 621
621 622 623 625
622 623
623 624 625
624 625
625 626 627
627 626
626
631
633
635 636 637 639
637 636 638 639
639 638 640 641
641 640 642
636
638
640
642 643
643
645 646
646 647 648 650 652 653
647 648 650 652 653
648 649 650 653
650 649 651 652 653
652 651 653
653 651
649
651
655 656
656
658 659
659 660
660
663
665 666
666
670 671
671 672
672 673
673
676 677 678
677 678
678
681 682 685
682 683 684 685
683 684 685
684 685
685 686 687 688 689
686 687 689
687 688 689
688 689
689 690 692
690 691 692
692 691
691
694
696 697
697
701
703
705
707 708
708
713 714
714
716
720 721
721 722 723 724
722 723 724
723 724
724 725 727
725 726 727
727 726
726
731 732 733 734
732 733 734
733 734
734 735 737 738
735 736 737 738
737 736 738
738 739
736
739
742 743 744
743 744
744 745 746 749
746 745 747 748 749
749 748
745
747 748
748
751 752 753 756
753 752 754 755 756
756 754 755 757
752
754 755
755
757
760 761
761
764 765 766 771 773
765 766
766 767 768 769 770 771 773
769 767 768 770 771
770 767 768 771
771 767 768 772 773
773 772
767 768
768
772
776 777 779 781
777 778 779
779 778 780 781
781 780 782 783 785 786 788 789 790 791 793 795 796
789 782 783 785 786 788 790 793 795 796
790 782 783 791 793 795 796
791 792 793 795 796
793 782 783 785 786 792 794 795 796
795 782 783 785 786 794 796
796 782 783 785 786 787 788 792 794 797 798 799 800 801 804 810 813 814 815 817
815 801 802 804 805 806 807 810 814 816 817
817 801 802 804 816 818
778
780
782 783 785 786 788
783 784 785 786
785 784 786
786 787 788
788 787
784
787
792
794
797 798 800
798 799 800
799 800
800 801
801 802 804 814
804 802 803 805 806 807 810 813 814
810 805 806 807 808 809 811 813 814
813 811 812 814
814 805 806 807 811
802 803
803
805 806 807
806 807
807 808
808 809
809
811 812
812
816
818
820
824 825 826 827
825 826 827
826 827
827 828 830 831 842 848 850 851 860 863 864
830 828 829 831
831 832 833 842 848 850 851 860 863 864
833 832 834 837 838 841 842 848 850 851 860 863 864
837 834 836 838 841 842 864
838 834 839 840 841 842
841 834 839 840 842
842 834 839 840 843 844 845 847 848 850 851 863 864
845 843 844 846 847 848 851 864
847 843 846 848 851
848 843 849 850 851
850 843 849 851
851 834 843 844 849 852 853 854 855 856 857 860 863 864
857 852 853 854 855 856 858 859 860 863 864
860 852 853 858 859 861 862 863 864
863 834 843 852 853 854 855 861 862 864
864 834 843 844 852 853 854 855 856 861 865 866 867 868
868 865 866 867 869 872 873 874 877 878 881 884 885 886 888
828 829
829
832
834 835 836
835 836
836
839 840
840
843 844
844
846
849
852 853
853 854 856
854 855 856
855 856
856
858 859
859
861 862
862
865 866 867
866 867
867
869 870 871 872 873 877 878 881 884 885 886 888
872 870 871 873
873 870 874 877 878 886 888
874 875 877 878
877 875 876 878
878 875 879 880 881 884 885 886 888
881 879 880 882 883 884 885 886 888
884 882 883 885
885 882 883 886
886 887 888
888 887 889 890 891 892
870 871
871
875 876
876
879 880
880
882 883
883
887
889 890 891 892
890 891 892
891 892
892 893 894 895 897
893 894 897
894 895 897
895 896 897
897 896 898 899
896
898 899
899
