#fractalVisibilityGraph_multifractal.py
# GMT Thu Dec 10 23:13:47 2020
# 
0 1
1 2 5
2 3 5
5 3 4 6 7 8 11
3 4
4
6 7
7 8
8 9 10 11
11 9 10 12 64 65 99
9 10
10
12 13 14 15 17 18 19 20 21 22 23 28 29 30 31 34 35 36 37 41 47 48 54 55 64 65 99
64 15 17 23 37 41 48 55 57 58 59 60 61 62 63 65
65 15 17 18 23 31 37 41 42 48 49 51 55 56 57 58 59 60 61 62 63 66 67 68 69 70 71 72 73 74 75 76 79 80 99
99 80 82 86 90 91 92 94 95 96 97 98
13 14
14 15
15 16 17 20 21 23 31 34 35 36 37 48 55
17 16 18 19 20 21 23 36 37 48 55
18 19 23
19 20 21 23
20 21 23
21 22 23
22 23
23 24 25 26 27 28 29 30 31 34 35 36 37 48 55
28 26 27 29 31
29 26 27 30 31
30 26 27 31
31 24 26 27 32 33 34 37
34 32 33 35 36 37
35 36 37
36 37
37 32 38 39 40 41 48 55
41 38 39 40 42 44 45 46 47 48 55
47 42 44 45 46 48
48 42 44 45 46 49 50 51 52 54 55
54 51 52 53 55
55 49 51 52 56 57 58 60 61 62 63
16
24 25 26
25 26
26 27
27
32 33
33
38 39 40
39 40
40
42 43 44 45 46
44 43 45
45 46
46
43
49 50 51
50 51
51 52
52 53
53
56 57
57 58 61 62 63
58 59 60 61 62 63
60 59 61 62
61 62
62 63
63
59
66 67
67 68
68 69 71 72 73 74 75 76 80
69 70 71 72 73 75 76 80
70 71 72 73 76
71 72 73 76
72 73
73 74 75 76
74 75 76
75 76
76 77 78 79 80
79 77 78 80
80 77 78 81 82 86 94
77 78
78
81 82
82 83 86
86 83 84 85 87 88 89 90 94
94 90 91 92 93 95 96
83 84 85
84 85
85
87 88 89 90
88 89 90
89 90
90 91 92
91 92
92 93
93
95 96
96 97 98
97 98
98
